2023-09-25 08:46:10,987 INFO  - Initialize application VehicleCommunicationApp1 (at simulation time 25.000,000,000 s)
2023-09-25 08:46:10,988 INFO  - Activated Cellular Module (at simulation time 25.000,000,000 s)
2023-09-25 08:46:10,993 INFO  - ,Received V2X Message from ,rsu_0, InterVehicleMsg{,28, 180,  41.62984225180874,  -71.00160289947058, Road CLOSED, }, Latitude= 41.630563797425154, Longitude= -71.00201423680322,  (at simulation time 26.003,300,000 s)
2023-09-25 08:46:10,993 INFO  - ,Received V2X Message from ,rsu_0, InterVehicleMsg{,28, 181,  41.62984225180874,  -71.00160289947058, Road CLOSED, }, Latitude= 41.630563797425154, Longitude= -71.00201423680322,  (at simulation time 26.103,800,000 s)
2023-09-25 08:46:10,994 INFO  - ,Received V2X Message from ,rsu_0, InterVehicleMsg{,28, 182,  41.62984225180874,  -71.00160289947058, Road CLOSED, }, Latitude= 41.630563797425154, Longitude= -71.00201423680322,  (at simulation time 26.203,300,000 s)
2023-09-25 08:46:10,994 INFO  - ,Received V2X Message from ,rsu_0, InterVehicleMsg{,28, 183,  41.62984225180874,  -71.00160289947058, Road CLOSED, }, Latitude= 41.630563797425154, Longitude= -71.00201423680322,  (at simulation time 26.302,800,000 s)
2023-09-25 08:46:10,994 INFO  - ,Received V2X Message from ,rsu_0, InterVehicleMsg{,28, 184,  41.62984225180874,  -71.00160289947058, Road CLOSED, }, Latitude= 41.630563797425154, Longitude= -71.00201423680322,  (at simulation time 26.401,800,000 s)
2023-09-25 08:46:10,995 INFO  - ,Received V2X Message from ,rsu_0, InterVehicleMsg{,28, 185,  41.62984225180874,  -71.00160289947058, Road CLOSED, }, Latitude= 41.630563797425154, Longitude= -71.00201423680322,  (at simulation time 26.501,800,000 s)
2023-09-25 08:46:10,995 INFO  - ,Received V2X Message from ,rsu_0, InterVehicleMsg{,28, 186,  41.62984225180874,  -71.00160289947058, Road CLOSED, }, Latitude= 41.630563797425154, Longitude= -71.00201423680322,  (at simulation time 26.600,800,000 s)
2023-09-25 08:46:10,995 INFO  - ,Received V2X Message from ,rsu_0, InterVehicleMsg{,28, 187,  41.62984225180874,  -71.00160289947058, Road CLOSED, }, Latitude= 41.630563797425154, Longitude= -71.00201423680322,  (at simulation time 26.703,300,000 s)
2023-09-25 08:46:10,996 INFO  - ,Received V2X Message from ,rsu_0, InterVehicleMsg{,28, 188,  41.62984225180874,  -71.00160289947058, Road CLOSED, }, Latitude= 41.630563797425154, Longitude= -71.00201423680322,  (at simulation time 26.804,800,000 s)
2023-09-25 08:46:10,996 INFO  - ,Received V2X Message from ,rsu_0, InterVehicleMsg{,28, 189,  41.62984225180874,  -71.00160289947058, Road CLOSED, }, Latitude= 41.630563797425154, Longitude= -71.00201423680322,  (at simulation time 26.901,800,000 s)
2023-09-25 08:46:10,998 INFO  - ,Received V2X Message from ,rsu_0, InterVehicleMsg{,28, 190,  41.62984225180874,  -71.00160289947058, Road CLOSED, }, Latitude= 41.63057545191185, Longitude= -71.00201942635387,  (at simulation time 27.000,800,000 s)
2023-09-25 08:46:10,999 INFO  - ,Received V2X Message from ,rsu_0, InterVehicleMsg{,28, 191,  41.62984225180874,  -71.00160289947058, Road CLOSED, }, Latitude= 41.63057545191185, Longitude= -71.00201942635387,  (at simulation time 27.103,300,000 s)
2023-09-25 08:46:10,999 INFO  - ,Received V2X Message from ,rsu_0, InterVehicleMsg{,28, 192,  41.62984225180874,  -71.00160289947058, Road CLOSED, }, Latitude= 41.63057545191185, Longitude= -71.00201942635387,  (at simulation time 27.204,300,000 s)
2023-09-25 08:46:10,999 INFO  - ,Received V2X Message from ,rsu_0, InterVehicleMsg{,28, 193,  41.62984225180874,  -71.00160289947058, Road CLOSED, }, Latitude= 41.63057545191185, Longitude= -71.00201942635387,  (at simulation time 27.303,300,000 s)
2023-09-25 08:46:11,000 INFO  - ,Received V2X Message from ,rsu_0, InterVehicleMsg{,28, 194,  41.62984225180874,  -71.00160289947058, Road CLOSED, }, Latitude= 41.63057545191185, Longitude= -71.00201942635387,  (at simulation time 27.402,800,000 s)
2023-09-25 08:46:11,000 INFO  - ,Received V2X Message from ,rsu_0, InterVehicleMsg{,28, 195,  41.62984225180874,  -71.00160289947058, Road CLOSED, }, Latitude= 41.63057545191185, Longitude= -71.00201942635387,  (at simulation time 27.503,800,000 s)
2023-09-25 08:46:11,001 INFO  - ,Received V2X Message from ,rsu_0, InterVehicleMsg{,28, 196,  41.62984225180874,  -71.00160289947058, Road CLOSED, }, Latitude= 41.63057545191185, Longitude= -71.00201942635387,  (at simulation time 27.600,800,000 s)
2023-09-25 08:46:11,001 INFO  - ,Received V2X Message from ,rsu_0, InterVehicleMsg{,28, 197,  41.62984225180874,  -71.00160289947058, Road CLOSED, }, Latitude= 41.63057545191185, Longitude= -71.00201942635387,  (at simulation time 27.700,800,000 s)
2023-09-25 08:46:11,002 INFO  - ,Received V2X Message from ,rsu_0, InterVehicleMsg{,28, 198,  41.62984225180874,  -71.00160289947058, Road CLOSED, }, Latitude= 41.63057545191185, Longitude= -71.00201942635387,  (at simulation time 27.802,800,000 s)
2023-09-25 08:46:11,002 INFO  - ,Received V2X Message from ,rsu_0, InterVehicleMsg{,28, 199,  41.62984225180874,  -71.00160289947058, Road CLOSED, }, Latitude= 41.63057545191185, Longitude= -71.00201942635387,  (at simulation time 27.902,800,000 s)
2023-09-25 08:46:11,005 INFO  - ,Received V2X Message from ,rsu_0, InterVehicleMsg{,28, 200,  41.62984225180874,  -71.00160289947058, Road CLOSED, }, Latitude= 41.630607250628316, Longitude= -71.00203358580825,  (at simulation time 28.002,800,000 s)
2023-09-25 08:46:11,005 INFO  - ,Received V2X Message from ,rsu_0, InterVehicleMsg{,28, 201,  41.62984225180874,  -71.00160289947058, Road CLOSED, }, Latitude= 41.630607250628316, Longitude= -71.00203358580825,  (at simulation time 28.103,300,000 s)
2023-09-25 08:46:11,006 INFO  - ,Received V2X Message from ,rsu_0, InterVehicleMsg{,28, 202,  41.62984225180874,  -71.00160289947058, Road CLOSED, }, Latitude= 41.630607250628316, Longitude= -71.00203358580825,  (at simulation time 28.202,300,000 s)
2023-09-25 08:46:11,006 INFO  - ,Received V2X Message from ,rsu_0, InterVehicleMsg{,28, 203,  41.62984225180874,  -71.00160289947058, Road CLOSED, }, Latitude= 41.630607250628316, Longitude= -71.00203358580825,  (at simulation time 28.302,300,000 s)
2023-09-25 08:46:11,006 INFO  - ,Received V2X Message from ,rsu_0, InterVehicleMsg{,28, 204,  41.62984225180874,  -71.00160289947058, Road CLOSED, }, Latitude= 41.630607250628316, Longitude= -71.00203358580825,  (at simulation time 28.402,800,000 s)
2023-09-25 08:46:11,006 INFO  - ,Received V2X Message from ,rsu_0, InterVehicleMsg{,28, 205,  41.62984225180874,  -71.00160289947058, Road CLOSED, }, Latitude= 41.630607250628316, Longitude= -71.00203358580825,  (at simulation time 28.500,800,000 s)
2023-09-25 08:46:11,007 INFO  - ,Received V2X Message from ,rsu_0, InterVehicleMsg{,28, 206,  41.62984225180874,  -71.00160289947058, Road CLOSED, }, Latitude= 41.630607250628316, Longitude= -71.00203358580825,  (at simulation time 28.602,800,000 s)
2023-09-25 08:46:11,007 INFO  - ,Received V2X Message from ,rsu_0, InterVehicleMsg{,28, 207,  41.62984225180874,  -71.00160289947058, Road CLOSED, }, Latitude= 41.630607250628316, Longitude= -71.00203358580825,  (at simulation time 28.704,300,000 s)
2023-09-25 08:46:11,007 INFO  - ,Received V2X Message from ,rsu_0, InterVehicleMsg{,28, 208,  41.62984225180874,  -71.00160289947058, Road CLOSED, }, Latitude= 41.630607250628316, Longitude= -71.00203358580825,  (at simulation time 28.802,300,000 s)
2023-09-25 08:46:11,008 INFO  - ,Received V2X Message from ,rsu_0, InterVehicleMsg{,28, 209,  41.62984225180874,  -71.00160289947058, Road CLOSED, }, Latitude= 41.630607250628316, Longitude= -71.00203358580825,  (at simulation time 28.901,800,000 s)
2023-09-25 08:46:11,009 INFO  - ,Received V2X Message from ,rsu_0, InterVehicleMsg{,28, 210,  41.62984225180874,  -71.00160289947058, Road CLOSED, }, Latitude= 41.63065521286165, Longitude= -71.00205494264463,  (at simulation time 29.004,300,000 s)
2023-09-25 08:46:11,009 INFO  - ,Received V2X Message from ,rsu_0, InterVehicleMsg{,28, 211,  41.62984225180874,  -71.00160289947058, Road CLOSED, }, Latitude= 41.63065521286165, Longitude= -71.00205494264463,  (at simulation time 29.101,800,000 s)
2023-09-25 08:46:11,010 INFO  - ,Received V2X Message from ,rsu_0, InterVehicleMsg{,28, 212,  41.62984225180874,  -71.00160289947058, Road CLOSED, }, Latitude= 41.63065521286165, Longitude= -71.00205494264463,  (at simulation time 29.202,800,000 s)
2023-09-25 08:46:11,010 INFO  - ,Received V2X Message from ,rsu_0, InterVehicleMsg{,28, 213,  41.62984225180874,  -71.00160289947058, Road CLOSED, }, Latitude= 41.63065521286165, Longitude= -71.00205494264463,  (at simulation time 29.302,300,000 s)
2023-09-25 08:46:11,010 INFO  - ,Received V2X Message from ,rsu_0, InterVehicleMsg{,28, 214,  41.62984225180874,  -71.00160289947058, Road CLOSED, }, Latitude= 41.63065521286165, Longitude= -71.00205494264463,  (at simulation time 29.402,300,000 s)
2023-09-25 08:46:11,010 INFO  - ,Received V2X Message from ,rsu_0, InterVehicleMsg{,28, 215,  41.62984225180874,  -71.00160289947058, Road CLOSED, }, Latitude= 41.63065521286165, Longitude= -71.00205494264463,  (at simulation time 29.504,300,000 s)
2023-09-25 08:46:11,011 INFO  - ,Received V2X Message from ,rsu_0, InterVehicleMsg{,28, 216,  41.62984225180874,  -71.00160289947058, Road CLOSED, }, Latitude= 41.63065521286165, Longitude= -71.00205494264463,  (at simulation time 29.602,300,000 s)
2023-09-25 08:46:11,011 INFO  - ,Received V2X Message from ,rsu_0, InterVehicleMsg{,28, 217,  41.62984225180874,  -71.00160289947058, Road CLOSED, }, Latitude= 41.63065521286165, Longitude= -71.00205494264463,  (at simulation time 29.702,800,000 s)
2023-09-25 08:46:11,011 INFO  - ,Received V2X Message from ,rsu_0, InterVehicleMsg{,28, 218,  41.62984225180874,  -71.00160289947058, Road CLOSED, }, Latitude= 41.63065521286165, Longitude= -71.00205494264463,  (at simulation time 29.803,800,000 s)
2023-09-25 08:46:11,011 INFO  - ,Received V2X Message from ,rsu_0, InterVehicleMsg{,28, 219,  41.62984225180874,  -71.00160289947058, Road CLOSED, }, Latitude= 41.63065521286165, Longitude= -71.00205494264463,  (at simulation time 29.901,800,000 s)
2023-09-25 08:46:11,015 INFO  - ,Received V2X Message from ,rsu_0, InterVehicleMsg{,28, 220,  41.62984225180874,  -71.00160289947058, Road CLOSED, }, Latitude= 41.6307148058352, Longitude= -71.00208406036921,  (at simulation time 30.003,800,000 s)
2023-09-25 08:46:11,016 INFO  - ,Received V2X Message from ,rsu_0, InterVehicleMsg{,28, 221,  41.62984225180874,  -71.00160289947058, Road CLOSED, }, Latitude= 41.6307148058352, Longitude= -71.00208406036921,  (at simulation time 30.103,300,000 s)
2023-09-25 08:46:11,016 INFO  - ,Received V2X Message from ,rsu_0, InterVehicleMsg{,28, 222,  41.62984225180874,  -71.00160289947058, Road CLOSED, }, Latitude= 41.6307148058352, Longitude= -71.00208406036921,  (at simulation time 30.201,300,000 s)
2023-09-25 08:46:11,017 INFO  - ,Received V2X Message from ,rsu_0, InterVehicleMsg{,28, 223,  41.62984225180874,  -71.00160289947058, Road CLOSED, }, Latitude= 41.6307148058352, Longitude= -71.00208406036921,  (at simulation time 30.302,800,000 s)
2023-09-25 08:46:11,017 INFO  - ,Received V2X Message from ,rsu_0, InterVehicleMsg{,28, 224,  41.62984225180874,  -71.00160289947058, Road CLOSED, }, Latitude= 41.6307148058352, Longitude= -71.00208406036921,  (at simulation time 30.403,300,000 s)
2023-09-25 08:46:11,017 INFO  - ,Received V2X Message from ,rsu_0, InterVehicleMsg{,28, 225,  41.62984225180874,  -71.00160289947058, Road CLOSED, }, Latitude= 41.6307148058352, Longitude= -71.00208406036921,  (at simulation time 30.500,800,000 s)
2023-09-25 08:46:11,018 INFO  - ,Received V2X Message from ,rsu_0, InterVehicleMsg{,28, 226,  41.62984225180874,  -71.00160289947058, Road CLOSED, }, Latitude= 41.6307148058352, Longitude= -71.00208406036921,  (at simulation time 30.602,800,000 s)
2023-09-25 08:46:11,018 INFO  - ,Received V2X Message from ,rsu_0, InterVehicleMsg{,28, 227,  41.62984225180874,  -71.00160289947058, Road CLOSED, }, Latitude= 41.6307148058352, Longitude= -71.00208406036921,  (at simulation time 30.703,800,000 s)
2023-09-25 08:46:11,018 INFO  - ,Received V2X Message from ,rsu_0, InterVehicleMsg{,28, 228,  41.62984225180874,  -71.00160289947058, Road CLOSED, }, Latitude= 41.6307148058352, Longitude= -71.00208406036921,  (at simulation time 30.804,300,000 s)
2023-09-25 08:46:11,019 INFO  - ,Received V2X Message from ,rsu_0, InterVehicleMsg{,28, 229,  41.62984225180874,  -71.00160289947058, Road CLOSED, }, Latitude= 41.6307148058352, Longitude= -71.00208406036921,  (at simulation time 30.901,300,000 s)
2023-09-25 08:46:11,020 INFO  - ,Received V2X Message from ,rsu_0, InterVehicleMsg{,28, 230,  41.62984225180874,  -71.00160289947058, Road CLOSED, }, Latitude= 41.63078848483702, Longitude= -71.0021204527323,  (at simulation time 31.002,300,000 s)
2023-09-25 08:46:11,020 INFO  - ,Received V2X Message from ,rsu_0, InterVehicleMsg{,28, 231,  41.62984225180874,  -71.00160289947058, Road CLOSED, }, Latitude= 41.63078848483702, Longitude= -71.0021204527323,  (at simulation time 31.101,800,000 s)
2023-09-25 08:46:11,021 INFO  - ,Received V2X Message from ,rsu_0, InterVehicleMsg{,28, 232,  41.62984225180874,  -71.00160289947058, Road CLOSED, }, Latitude= 41.63078848483702, Longitude= -71.0021204527323,  (at simulation time 31.201,300,000 s)
2023-09-25 08:46:11,021 INFO  - ,Received V2X Message from ,rsu_0, InterVehicleMsg{,28, 233,  41.62984225180874,  -71.00160289947058, Road CLOSED, }, Latitude= 41.63078848483702, Longitude= -71.0021204527323,  (at simulation time 31.303,800,000 s)
2023-09-25 08:46:11,021 INFO  - ,Received V2X Message from ,rsu_0, InterVehicleMsg{,28, 234,  41.62984225180874,  -71.00160289947058, Road CLOSED, }, Latitude= 41.63078848483702, Longitude= -71.0021204527323,  (at simulation time 31.402,300,000 s)
2023-09-25 08:46:11,022 INFO  - ,Received V2X Message from ,rsu_0, InterVehicleMsg{,28, 235,  41.62984225180874,  -71.00160289947058, Road CLOSED, }, Latitude= 41.63078848483702, Longitude= -71.0021204527323,  (at simulation time 31.504,800,000 s)
2023-09-25 08:46:11,022 INFO  - ,Received V2X Message from ,rsu_0, InterVehicleMsg{,28, 236,  41.62984225180874,  -71.00160289947058, Road CLOSED, }, Latitude= 41.63078848483702, Longitude= -71.0021204527323,  (at simulation time 31.602,800,000 s)
2023-09-25 08:46:11,022 INFO  - ,Received V2X Message from ,rsu_0, InterVehicleMsg{,28, 237,  41.62984225180874,  -71.00160289947058, Road CLOSED, }, Latitude= 41.63078848483702, Longitude= -71.0021204527323,  (at simulation time 31.702,800,000 s)
2023-09-25 08:46:11,022 INFO  - ,Received V2X Message from ,rsu_0, InterVehicleMsg{,28, 238,  41.62984225180874,  -71.00160289947058, Road CLOSED, }, Latitude= 41.63078848483702, Longitude= -71.0021204527323,  (at simulation time 31.802,300,000 s)
2023-09-25 08:46:11,023 INFO  - ,Received V2X Message from ,rsu_0, InterVehicleMsg{,28, 239,  41.62984225180874,  -71.00160289947058, Road CLOSED, }, Latitude= 41.63078848483702, Longitude= -71.0021204527323,  (at simulation time 31.902,300,000 s)
2023-09-25 08:46:11,024 INFO  - ,Received V2X Message from ,rsu_0, InterVehicleMsg{,28, 240,  41.62984225180874,  -71.00160289947058, Road CLOSED, }, Latitude= 41.63085447211672, Longitude= -71.00215430858367,  (at simulation time 32.004,300,000 s)
2023-09-25 08:46:11,024 INFO  - ,Received V2X Message from ,rsu_0, InterVehicleMsg{,28, 241,  41.62984225180874,  -71.00160289947058, Road CLOSED, }, Latitude= 41.63085447211672, Longitude= -71.00215430858367,  (at simulation time 32.103,800,000 s)
2023-09-25 08:46:11,025 INFO  - ,Received V2X Message from ,rsu_0, InterVehicleMsg{,28, 242,  41.62984225180874,  -71.00160289947058, Road CLOSED, }, Latitude= 41.63085447211672, Longitude= -71.00215430858367,  (at simulation time 32.201,300,000 s)
2023-09-25 08:46:11,025 INFO  - ,Received V2X Message from ,rsu_0, InterVehicleMsg{,28, 243,  41.62984225180874,  -71.00160289947058, Road CLOSED, }, Latitude= 41.63085447211672, Longitude= -71.00215430858367,  (at simulation time 32.302,800,000 s)
2023-09-25 08:46:11,025 INFO  - ,Received V2X Message from ,rsu_0, InterVehicleMsg{,28, 244,  41.62984225180874,  -71.00160289947058, Road CLOSED, }, Latitude= 41.63085447211672, Longitude= -71.00215430858367,  (at simulation time 32.401,300,000 s)
2023-09-25 08:46:11,026 INFO  - ,Received V2X Message from ,rsu_0, InterVehicleMsg{,28, 245,  41.62984225180874,  -71.00160289947058, Road CLOSED, }, Latitude= 41.63085447211672, Longitude= -71.00215430858367,  (at simulation time 32.503,300,000 s)
2023-09-25 08:46:11,026 INFO  - ,Received V2X Message from ,rsu_0, InterVehicleMsg{,28, 246,  41.62984225180874,  -71.00160289947058, Road CLOSED, }, Latitude= 41.63085447211672, Longitude= -71.00215430858367,  (at simulation time 32.604,300,000 s)
2023-09-25 08:46:11,026 INFO  - ,Received V2X Message from ,rsu_0, InterVehicleMsg{,28, 247,  41.62984225180874,  -71.00160289947058, Road CLOSED, }, Latitude= 41.63085447211672, Longitude= -71.00215430858367,  (at simulation time 32.703,300,000 s)
2023-09-25 08:46:11,026 INFO  - ,Received V2X Message from ,rsu_0, InterVehicleMsg{,28, 248,  41.62984225180874,  -71.00160289947058, Road CLOSED, }, Latitude= 41.63085447211672, Longitude= -71.00215430858367,  (at simulation time 32.801,300,000 s)
2023-09-25 08:46:11,027 INFO  - ,Received V2X Message from ,rsu_0, InterVehicleMsg{,28, 249,  41.62984225180874,  -71.00160289947058, Road CLOSED, }, Latitude= 41.63085447211672, Longitude= -71.00215430858367,  (at simulation time 32.904,300,000 s)
2023-09-25 08:46:11,028 INFO  - ,Received V2X Message from ,rsu_0, InterVehicleMsg{,28, 250,  41.62984225180874,  -71.00160289947058, Road CLOSED, }, Latitude= 41.63092133116506, Longitude= -71.00219209670837,  (at simulation time 33.002,300,000 s)
2023-09-25 08:46:11,029 INFO  - ,Received V2X Message from ,rsu_0, InterVehicleMsg{,28, 251,  41.62984225180874,  -71.00160289947058, Road CLOSED, }, Latitude= 41.63092133116506, Longitude= -71.00219209670837,  (at simulation time 33.101,300,000 s)
2023-09-25 08:46:11,029 INFO  - ,Received V2X Message from ,rsu_0, InterVehicleMsg{,28, 252,  41.62984225180874,  -71.00160289947058, Road CLOSED, }, Latitude= 41.63092133116506, Longitude= -71.00219209670837,  (at simulation time 33.203,800,000 s)
2023-09-25 08:46:11,029 INFO  - ,Received V2X Message from ,rsu_0, InterVehicleMsg{,28, 253,  41.62984225180874,  -71.00160289947058, Road CLOSED, }, Latitude= 41.63092133116506, Longitude= -71.00219209670837,  (at simulation time 33.302,300,000 s)
2023-09-25 08:46:11,030 INFO  - ,Received V2X Message from ,rsu_0, InterVehicleMsg{,28, 254,  41.62984225180874,  -71.00160289947058, Road CLOSED, }, Latitude= 41.63092133116506, Longitude= -71.00219209670837,  (at simulation time 33.403,800,000 s)
2023-09-25 08:46:11,030 INFO  - ,Received V2X Message from ,rsu_0, InterVehicleMsg{,28, 255,  41.62984225180874,  -71.00160289947058, Road CLOSED, }, Latitude= 41.63092133116506, Longitude= -71.00219209670837,  (at simulation time 33.501,800,000 s)
2023-09-25 08:46:11,030 INFO  - ,Received V2X Message from ,rsu_0, InterVehicleMsg{,28, 256,  41.62984225180874,  -71.00160289947058, Road CLOSED, }, Latitude= 41.63092133116506, Longitude= -71.00219209670837,  (at simulation time 33.600,800,000 s)
2023-09-25 08:46:11,030 INFO  - ,Received V2X Message from ,rsu_0, InterVehicleMsg{,28, 257,  41.62984225180874,  -71.00160289947058, Road CLOSED, }, Latitude= 41.63092133116506, Longitude= -71.00219209670837,  (at simulation time 33.702,800,000 s)
2023-09-25 08:46:11,031 INFO  - ,Received V2X Message from ,rsu_0, InterVehicleMsg{,28, 258,  41.62984225180874,  -71.00160289947058, Road CLOSED, }, Latitude= 41.63092133116506, Longitude= -71.00219209670837,  (at simulation time 33.801,800,000 s)
2023-09-25 08:46:11,032 INFO  - ,Received V2X Message from ,rsu_0, InterVehicleMsg{,28, 259,  41.62984225180874,  -71.00160289947058, Road CLOSED, }, Latitude= 41.63092133116506, Longitude= -71.00219209670837,  (at simulation time 33.903,800,000 s)
2023-09-25 08:46:11,034 INFO  - ,Received V2X Message from ,rsu_0, InterVehicleMsg{,28, 260,  41.62984225180874,  -71.00160289947058, Road CLOSED, }, Latitude= 41.630992673936944, Longitude= -71.00223367593303,  (at simulation time 34.002,300,000 s)
2023-09-25 08:46:11,035 INFO  - ,Received V2X Message from ,rsu_0, InterVehicleMsg{,28, 261,  41.62984225180874,  -71.00160289947058, Road CLOSED, }, Latitude= 41.630992673936944, Longitude= -71.00223367593303,  (at simulation time 34.103,800,000 s)
2023-09-25 08:46:11,035 INFO  - ,Received V2X Message from ,rsu_0, InterVehicleMsg{,28, 262,  41.62984225180874,  -71.00160289947058, Road CLOSED, }, Latitude= 41.630992673936944, Longitude= -71.00223367593303,  (at simulation time 34.201,800,000 s)
2023-09-25 08:46:11,035 INFO  - ,Received V2X Message from ,rsu_0, InterVehicleMsg{,28, 263,  41.62984225180874,  -71.00160289947058, Road CLOSED, }, Latitude= 41.630992673936944, Longitude= -71.00223367593303,  (at simulation time 34.301,800,000 s)
2023-09-25 08:46:11,036 INFO  - ,Received V2X Message from ,rsu_0, InterVehicleMsg{,28, 264,  41.62984225180874,  -71.00160289947058, Road CLOSED, }, Latitude= 41.630992673936944, Longitude= -71.00223367593303,  (at simulation time 34.400,800,000 s)
2023-09-25 08:46:11,036 INFO  - ,Received V2X Message from ,rsu_0, InterVehicleMsg{,28, 265,  41.62984225180874,  -71.00160289947058, Road CLOSED, }, Latitude= 41.630992673936944, Longitude= -71.00223367593303,  (at simulation time 34.503,300,000 s)
2023-09-25 08:46:11,036 INFO  - ,Received V2X Message from ,rsu_0, InterVehicleMsg{,28, 266,  41.62984225180874,  -71.00160289947058, Road CLOSED, }, Latitude= 41.630992673936944, Longitude= -71.00223367593303,  (at simulation time 34.602,300,000 s)
2023-09-25 08:46:11,037 INFO  - ,Received V2X Message from ,rsu_0, InterVehicleMsg{,28, 267,  41.62984225180874,  -71.00160289947058, Road CLOSED, }, Latitude= 41.630992673936944, Longitude= -71.00223367593303,  (at simulation time 34.702,800,000 s)
2023-09-25 08:46:11,037 INFO  - ,Received V2X Message from ,rsu_0, InterVehicleMsg{,28, 268,  41.62984225180874,  -71.00160289947058, Road CLOSED, }, Latitude= 41.630992673936944, Longitude= -71.00223367593303,  (at simulation time 34.802,800,000 s)
2023-09-25 08:46:11,037 INFO  - ,Received V2X Message from ,rsu_0, InterVehicleMsg{,28, 269,  41.62984225180874,  -71.00160289947058, Road CLOSED, }, Latitude= 41.630992673936944, Longitude= -71.00223367593303,  (at simulation time 34.903,300,000 s)
2023-09-25 08:46:11,040 INFO  - ,Received V2X Message from ,rsu_0, InterVehicleMsg{,28, 270,  41.62984225180874,  -71.00160289947058, Road CLOSED, }, Latitude= 41.631050718460834, Longitude= -71.00227262178569,  (at simulation time 35.003,800,000 s)
2023-09-25 08:46:11,040 INFO  - ,Received V2X Message from ,rsu_0, InterVehicleMsg{,28, 271,  41.62984225180874,  -71.00160289947058, Road CLOSED, }, Latitude= 41.631050718460834, Longitude= -71.00227262178569,  (at simulation time 35.103,800,000 s)
2023-09-25 08:46:11,040 INFO  - ,Received V2X Message from ,rsu_0, InterVehicleMsg{,28, 272,  41.62984225180874,  -71.00160289947058, Road CLOSED, }, Latitude= 41.631050718460834, Longitude= -71.00227262178569,  (at simulation time 35.203,300,000 s)
2023-09-25 08:46:11,040 INFO  - ,Received V2X Message from ,rsu_0, InterVehicleMsg{,28, 273,  41.62984225180874,  -71.00160289947058, Road CLOSED, }, Latitude= 41.631050718460834, Longitude= -71.00227262178569,  (at simulation time 35.301,300,000 s)
2023-09-25 08:46:11,041 INFO  - ,Received V2X Message from ,rsu_0, InterVehicleMsg{,28, 274,  41.62984225180874,  -71.00160289947058, Road CLOSED, }, Latitude= 41.631050718460834, Longitude= -71.00227262178569,  (at simulation time 35.403,800,000 s)
2023-09-25 08:46:11,041 INFO  - ,Received V2X Message from ,rsu_0, InterVehicleMsg{,28, 275,  41.62984225180874,  -71.00160289947058, Road CLOSED, }, Latitude= 41.631050718460834, Longitude= -71.00227262178569,  (at simulation time 35.502,800,000 s)
2023-09-25 08:46:11,041 INFO  - ,Received V2X Message from ,rsu_0, InterVehicleMsg{,28, 276,  41.62984225180874,  -71.00160289947058, Road CLOSED, }, Latitude= 41.631050718460834, Longitude= -71.00227262178569,  (at simulation time 35.604,300,000 s)
2023-09-25 08:46:11,041 INFO  - ,Received V2X Message from ,rsu_0, InterVehicleMsg{,28, 277,  41.62984225180874,  -71.00160289947058, Road CLOSED, }, Latitude= 41.631050718460834, Longitude= -71.00227262178569,  (at simulation time 35.701,300,000 s)
2023-09-25 08:46:11,042 INFO  - ,Received V2X Message from ,rsu_0, InterVehicleMsg{,28, 278,  41.62984225180874,  -71.00160289947058, Road CLOSED, }, Latitude= 41.631050718460834, Longitude= -71.00227262178569,  (at simulation time 35.803,300,000 s)
2023-09-25 08:46:11,042 INFO  - ,Received V2X Message from ,rsu_0, InterVehicleMsg{,28, 279,  41.62984225180874,  -71.00160289947058, Road CLOSED, }, Latitude= 41.631050718460834, Longitude= -71.00227262178569,  (at simulation time 35.902,300,000 s)
2023-09-25 08:46:11,044 INFO  - ,Received V2X Message from ,rsu_0, InterVehicleMsg{,28, 280,  41.62984225180874,  -71.00160289947058, Road CLOSED, }, Latitude= 41.63111583004818, Longitude= -71.00231630948889,  (at simulation time 36.001,800,000 s)
2023-09-25 08:46:11,044 INFO  - ,Received V2X Message from ,rsu_0, InterVehicleMsg{,28, 281,  41.62984225180874,  -71.00160289947058, Road CLOSED, }, Latitude= 41.63111583004818, Longitude= -71.00231630948889,  (at simulation time 36.103,800,000 s)
2023-09-25 08:46:11,044 INFO  - ,Received V2X Message from ,rsu_0, InterVehicleMsg{,28, 282,  41.62984225180874,  -71.00160289947058, Road CLOSED, }, Latitude= 41.63111583004818, Longitude= -71.00231630948889,  (at simulation time 36.203,800,000 s)
2023-09-25 08:46:11,045 INFO  - ,Received V2X Message from ,rsu_0, InterVehicleMsg{,28, 283,  41.62984225180874,  -71.00160289947058, Road CLOSED, }, Latitude= 41.63111583004818, Longitude= -71.00231630948889,  (at simulation time 36.303,800,000 s)
2023-09-25 08:46:11,045 INFO  - ,Received V2X Message from ,rsu_0, InterVehicleMsg{,28, 284,  41.62984225180874,  -71.00160289947058, Road CLOSED, }, Latitude= 41.63111583004818, Longitude= -71.00231630948889,  (at simulation time 36.403,300,000 s)
2023-09-25 08:46:11,045 INFO  - ,Received V2X Message from ,rsu_0, InterVehicleMsg{,28, 285,  41.62984225180874,  -71.00160289947058, Road CLOSED, }, Latitude= 41.63111583004818, Longitude= -71.00231630948889,  (at simulation time 36.503,300,000 s)
2023-09-25 08:46:11,045 INFO  - ,Received V2X Message from ,rsu_0, InterVehicleMsg{,28, 286,  41.62984225180874,  -71.00160289947058, Road CLOSED, }, Latitude= 41.63111583004818, Longitude= -71.00231630948889,  (at simulation time 36.602,800,000 s)
2023-09-25 08:46:11,046 INFO  - ,Received V2X Message from ,rsu_0, InterVehicleMsg{,28, 287,  41.62984225180874,  -71.00160289947058, Road CLOSED, }, Latitude= 41.63111583004818, Longitude= -71.00231630948889,  (at simulation time 36.704,800,000 s)
2023-09-25 08:46:11,046 INFO  - ,Received V2X Message from ,rsu_0, InterVehicleMsg{,28, 288,  41.62984225180874,  -71.00160289947058, Road CLOSED, }, Latitude= 41.63111583004818, Longitude= -71.00231630948889,  (at simulation time 36.802,300,000 s)
2023-09-25 08:46:11,046 INFO  - ,Received V2X Message from ,rsu_0, InterVehicleMsg{,28, 289,  41.62984225180874,  -71.00160289947058, Road CLOSED, }, Latitude= 41.63111583004818, Longitude= -71.00231630948889,  (at simulation time 36.903,300,000 s)
2023-09-25 08:46:11,048 INFO  - ,Received V2X Message from ,rsu_0, InterVehicleMsg{,28, 290,  41.62984225180874,  -71.00160289947058, Road CLOSED, }, Latitude= 41.631171398702136, Longitude= -71.0023591913418,  (at simulation time 37.001,800,000 s)
2023-09-25 08:46:11,049 INFO  - ,Received V2X Message from ,rsu_0, InterVehicleMsg{,28, 291,  41.62984225180874,  -71.00160289947058, Road CLOSED, }, Latitude= 41.631171398702136, Longitude= -71.0023591913418,  (at simulation time 37.103,300,000 s)
2023-09-25 08:46:11,049 INFO  - ,Received V2X Message from ,rsu_0, InterVehicleMsg{,28, 292,  41.62984225180874,  -71.00160289947058, Road CLOSED, }, Latitude= 41.631171398702136, Longitude= -71.0023591913418,  (at simulation time 37.203,800,000 s)
2023-09-25 08:46:11,049 INFO  - ,Received V2X Message from ,rsu_0, InterVehicleMsg{,28, 293,  41.62984225180874,  -71.00160289947058, Road CLOSED, }, Latitude= 41.631171398702136, Longitude= -71.0023591913418,  (at simulation time 37.304,800,000 s)
2023-09-25 08:46:11,050 INFO  - ,Received V2X Message from ,rsu_0, InterVehicleMsg{,28, 294,  41.62984225180874,  -71.00160289947058, Road CLOSED, }, Latitude= 41.631171398702136, Longitude= -71.0023591913418,  (at simulation time 37.403,300,000 s)
2023-09-25 08:46:11,050 INFO  - ,Received V2X Message from ,rsu_0, InterVehicleMsg{,28, 295,  41.62984225180874,  -71.00160289947058, Road CLOSED, }, Latitude= 41.631171398702136, Longitude= -71.0023591913418,  (at simulation time 37.502,300,000 s)
2023-09-25 08:46:11,050 INFO  - ,Received V2X Message from ,rsu_0, InterVehicleMsg{,28, 296,  41.62984225180874,  -71.00160289947058, Road CLOSED, }, Latitude= 41.631171398702136, Longitude= -71.0023591913418,  (at simulation time 37.604,800,000 s)
2023-09-25 08:46:11,051 INFO  - ,Received V2X Message from ,rsu_0, InterVehicleMsg{,28, 297,  41.62984225180874,  -71.00160289947058, Road CLOSED, }, Latitude= 41.631171398702136, Longitude= -71.0023591913418,  (at simulation time 37.703,800,000 s)
2023-09-25 08:46:11,051 INFO  - ,Received V2X Message from ,rsu_0, InterVehicleMsg{,28, 298,  41.62984225180874,  -71.00160289947058, Road CLOSED, }, Latitude= 41.631171398702136, Longitude= -71.0023591913418,  (at simulation time 37.803,300,000 s)
2023-09-25 08:46:11,051 INFO  - ,Received V2X Message from ,rsu_0, InterVehicleMsg{,28, 299,  41.62984225180874,  -71.00160289947058, Road CLOSED, }, Latitude= 41.631171398702136, Longitude= -71.0023591913418,  (at simulation time 37.902,800,000 s)
2023-09-25 08:46:11,053 INFO  - ,Received V2X Message from ,rsu_0, InterVehicleMsg{,28, 300,  41.62984225180874,  -71.00160289947058, Road CLOSED, }, Latitude= 41.631228585274975, Longitude= -71.00240392466712,  (at simulation time 38.004,800,000 s)
2023-09-25 08:46:11,053 INFO  - ,Received V2X Message from ,rsu_0, InterVehicleMsg{,28, 301,  41.62984225180874,  -71.00160289947058, Road CLOSED, }, Latitude= 41.631228585274975, Longitude= -71.00240392466712,  (at simulation time 38.101,800,000 s)
2023-09-25 08:46:11,054 INFO  - ,Received V2X Message from ,rsu_0, InterVehicleMsg{,28, 302,  41.62984225180874,  -71.00160289947058, Road CLOSED, }, Latitude= 41.631228585274975, Longitude= -71.00240392466712,  (at simulation time 38.202,800,000 s)
2023-09-25 08:46:11,054 INFO  - ,Received V2X Message from ,rsu_0, InterVehicleMsg{,28, 303,  41.62984225180874,  -71.00160289947058, Road CLOSED, }, Latitude= 41.631228585274975, Longitude= -71.00240392466712,  (at simulation time 38.302,800,000 s)
2023-09-25 08:46:11,054 INFO  - ,Received V2X Message from ,rsu_0, InterVehicleMsg{,28, 304,  41.62984225180874,  -71.00160289947058, Road CLOSED, }, Latitude= 41.631228585274975, Longitude= -71.00240392466712,  (at simulation time 38.403,300,000 s)
2023-09-25 08:46:11,055 INFO  - ,Received V2X Message from ,rsu_0, InterVehicleMsg{,28, 305,  41.62984225180874,  -71.00160289947058, Road CLOSED, }, Latitude= 41.631228585274975, Longitude= -71.00240392466712,  (at simulation time 38.504,300,000 s)
2023-09-25 08:46:11,055 INFO  - ,Received V2X Message from ,rsu_0, InterVehicleMsg{,28, 306,  41.62984225180874,  -71.00160289947058, Road CLOSED, }, Latitude= 41.631228585274975, Longitude= -71.00240392466712,  (at simulation time 38.602,300,000 s)
2023-09-25 08:46:11,055 INFO  - ,Received V2X Message from ,rsu_0, InterVehicleMsg{,28, 307,  41.62984225180874,  -71.00160289947058, Road CLOSED, }, Latitude= 41.631228585274975, Longitude= -71.00240392466712,  (at simulation time 38.702,300,000 s)
2023-09-25 08:46:11,057 INFO  - ,Received V2X Message from ,rsu_0, InterVehicleMsg{,28, 308,  41.62984225180874,  -71.00160289947058, Road CLOSED, }, Latitude= 41.631228585274975, Longitude= -71.00240392466712,  (at simulation time 38.800,800,000 s)
2023-09-25 08:46:11,057 INFO  - ,Received V2X Message from ,rsu_0, InterVehicleMsg{,28, 309,  41.62984225180874,  -71.00160289947058, Road CLOSED, }, Latitude= 41.631228585274975, Longitude= -71.00240392466712,  (at simulation time 38.904,300,000 s)
2023-09-25 08:46:11,059 INFO  - ,Received V2X Message from ,rsu_0, InterVehicleMsg{,28, 310,  41.62984225180874,  -71.00160289947058, Road CLOSED, }, Latitude= 41.63127169467185, Longitude= -71.00243941920853,  (at simulation time 39.001,800,000 s)
2023-09-25 08:46:11,059 INFO  - ,Received V2X Message from ,rsu_0, InterVehicleMsg{,28, 311,  41.62984225180874,  -71.00160289947058, Road CLOSED, }, Latitude= 41.63127169467185, Longitude= -71.00243941920853,  (at simulation time 39.100,800,000 s)
2023-09-25 08:46:11,060 INFO  - ,Received V2X Message from ,rsu_0, InterVehicleMsg{,28, 312,  41.62984225180874,  -71.00160289947058, Road CLOSED, }, Latitude= 41.63127169467185, Longitude= -71.00243941920853,  (at simulation time 39.203,300,000 s)
2023-09-25 08:46:11,060 INFO  - ,Received V2X Message from ,rsu_0, InterVehicleMsg{,28, 313,  41.62984225180874,  -71.00160289947058, Road CLOSED, }, Latitude= 41.63127169467185, Longitude= -71.00243941920853,  (at simulation time 39.301,300,000 s)
2023-09-25 08:46:11,061 INFO  - ,Received V2X Message from ,rsu_0, InterVehicleMsg{,28, 314,  41.62984225180874,  -71.00160289947058, Road CLOSED, }, Latitude= 41.63127169467185, Longitude= -71.00243941920853,  (at simulation time 39.403,800,000 s)
2023-09-25 08:46:11,061 INFO  - ,Received V2X Message from ,rsu_0, InterVehicleMsg{,28, 315,  41.62984225180874,  -71.00160289947058, Road CLOSED, }, Latitude= 41.63127169467185, Longitude= -71.00243941920853,  (at simulation time 39.501,300,000 s)
2023-09-25 08:46:11,062 INFO  - ,Received V2X Message from ,rsu_0, InterVehicleMsg{,28, 316,  41.62984225180874,  -71.00160289947058, Road CLOSED, }, Latitude= 41.63127169467185, Longitude= -71.00243941920853,  (at simulation time 39.602,800,000 s)
2023-09-25 08:46:11,062 INFO  - ,Received V2X Message from ,rsu_0, InterVehicleMsg{,28, 317,  41.62984225180874,  -71.00160289947058, Road CLOSED, }, Latitude= 41.63127169467185, Longitude= -71.00243941920853,  (at simulation time 39.703,300,000 s)
2023-09-25 08:46:11,062 INFO  - ,Received V2X Message from ,rsu_0, InterVehicleMsg{,28, 318,  41.62984225180874,  -71.00160289947058, Road CLOSED, }, Latitude= 41.63127169467185, Longitude= -71.00243941920853,  (at simulation time 39.802,800,000 s)
2023-09-25 08:46:11,063 INFO  - ,Received V2X Message from ,rsu_0, InterVehicleMsg{,28, 319,  41.62984225180874,  -71.00160289947058, Road CLOSED, }, Latitude= 41.63127169467185, Longitude= -71.00243941920853,  (at simulation time 39.901,300,000 s)
2023-09-25 08:46:11,066 INFO  - ,Received V2X Message from ,rsu_0, InterVehicleMsg{,28, 320,  41.62984225180874,  -71.00160289947058, Road CLOSED, }, Latitude= 41.631325714848494, Longitude= -71.00248801959263,  (at simulation time 40.003,800,000 s)
2023-09-25 08:46:11,066 INFO  - ,Received V2X Message from ,rsu_0, InterVehicleMsg{,28, 321,  41.62984225180874,  -71.00160289947058, Road CLOSED, }, Latitude= 41.631325714848494, Longitude= -71.00248801959263,  (at simulation time 40.101,800,000 s)
2023-09-25 08:46:11,067 INFO  - ,Received V2X Message from ,rsu_0, InterVehicleMsg{,28, 322,  41.62984225180874,  -71.00160289947058, Road CLOSED, }, Latitude= 41.631325714848494, Longitude= -71.00248801959263,  (at simulation time 40.204,300,000 s)
2023-09-25 08:46:11,067 INFO  - ,Received V2X Message from ,rsu_0, InterVehicleMsg{,28, 323,  41.62984225180874,  -71.00160289947058, Road CLOSED, }, Latitude= 41.631325714848494, Longitude= -71.00248801959263,  (at simulation time 40.302,800,000 s)
2023-09-25 08:46:11,068 INFO  - ,Received V2X Message from ,rsu_0, InterVehicleMsg{,28, 324,  41.62984225180874,  -71.00160289947058, Road CLOSED, }, Latitude= 41.631325714848494, Longitude= -71.00248801959263,  (at simulation time 40.401,800,000 s)
2023-09-25 08:46:11,068 INFO  - ,Received V2X Message from ,rsu_0, InterVehicleMsg{,28, 325,  41.62984225180874,  -71.00160289947058, Road CLOSED, }, Latitude= 41.631325714848494, Longitude= -71.00248801959263,  (at simulation time 40.504,300,000 s)
2023-09-25 08:46:11,068 INFO  - ,Received V2X Message from ,rsu_0, InterVehicleMsg{,28, 326,  41.62984225180874,  -71.00160289947058, Road CLOSED, }, Latitude= 41.631325714848494, Longitude= -71.00248801959263,  (at simulation time 40.601,300,000 s)
2023-09-25 08:46:11,068 INFO  - ,Received V2X Message from ,rsu_0, InterVehicleMsg{,28, 327,  41.62984225180874,  -71.00160289947058, Road CLOSED, }, Latitude= 41.631325714848494, Longitude= -71.00248801959263,  (at simulation time 40.700,800,000 s)
2023-09-25 08:46:11,069 INFO  - ,Received V2X Message from ,rsu_0, InterVehicleMsg{,28, 328,  41.62984225180874,  -71.00160289947058, Road CLOSED, }, Latitude= 41.631325714848494, Longitude= -71.00248801959263,  (at simulation time 40.802,800,000 s)
2023-09-25 08:46:11,069 INFO  - ,Received V2X Message from ,rsu_0, InterVehicleMsg{,28, 329,  41.62984225180874,  -71.00160289947058, Road CLOSED, }, Latitude= 41.631325714848494, Longitude= -71.00248801959263,  (at simulation time 40.901,300,000 s)
2023-09-25 08:46:11,070 INFO  - ,Received V2X Message from ,rsu_0, InterVehicleMsg{,28, 330,  41.62984225180874,  -71.00160289947058, Road CLOSED, }, Latitude= 41.6313734425885, Longitude= -71.0025309589397,  (at simulation time 41.003,800,000 s)
2023-09-25 08:46:11,070 INFO  - ,Received V2X Message from ,rsu_0, InterVehicleMsg{,28, 331,  41.62984225180874,  -71.00160289947058, Road CLOSED, }, Latitude= 41.6313734425885, Longitude= -71.0025309589397,  (at simulation time 41.102,800,000 s)
2023-09-25 08:46:11,071 INFO  - ,Received V2X Message from ,rsu_0, InterVehicleMsg{,28, 332,  41.62984225180874,  -71.00160289947058, Road CLOSED, }, Latitude= 41.6313734425885, Longitude= -71.0025309589397,  (at simulation time 41.202,800,000 s)
2023-09-25 08:46:11,071 INFO  - ,Received V2X Message from ,rsu_0, InterVehicleMsg{,28, 333,  41.62984225180874,  -71.00160289947058, Road CLOSED, }, Latitude= 41.6313734425885, Longitude= -71.0025309589397,  (at simulation time 41.302,800,000 s)
2023-09-25 08:46:11,071 INFO  - ,Received V2X Message from ,rsu_0, InterVehicleMsg{,28, 334,  41.62984225180874,  -71.00160289947058, Road CLOSED, }, Latitude= 41.6313734425885, Longitude= -71.0025309589397,  (at simulation time 41.403,300,000 s)
2023-09-25 08:46:11,071 INFO  - ,Received V2X Message from ,rsu_0, InterVehicleMsg{,28, 335,  41.62984225180874,  -71.00160289947058, Road CLOSED, }, Latitude= 41.6313734425885, Longitude= -71.0025309589397,  (at simulation time 41.503,300,000 s)
2023-09-25 08:46:11,071 INFO  - ,Received V2X Message from ,rsu_0, InterVehicleMsg{,28, 336,  41.62984225180874,  -71.00160289947058, Road CLOSED, }, Latitude= 41.6313734425885, Longitude= -71.0025309589397,  (at simulation time 41.601,800,000 s)
2023-09-25 08:46:11,072 INFO  - ,Received V2X Message from ,rsu_0, InterVehicleMsg{,28, 337,  41.62984225180874,  -71.00160289947058, Road CLOSED, }, Latitude= 41.6313734425885, Longitude= -71.0025309589397,  (at simulation time 41.702,800,000 s)
2023-09-25 08:46:11,072 INFO  - ,Received V2X Message from ,rsu_0, InterVehicleMsg{,28, 338,  41.62984225180874,  -71.00160289947058, Road CLOSED, }, Latitude= 41.6313734425885, Longitude= -71.0025309589397,  (at simulation time 41.802,800,000 s)
2023-09-25 08:46:11,072 INFO  - ,Received V2X Message from ,rsu_0, InterVehicleMsg{,28, 339,  41.62984225180874,  -71.00160289947058, Road CLOSED, }, Latitude= 41.6313734425885, Longitude= -71.0025309589397,  (at simulation time 41.902,800,000 s)
2023-09-25 08:46:11,144 INFO  - ,Received V2X Message from ,rsu_2, InterVehicleMsg{,30, 510,  41.632382935740885,  -71.0077086334615, Road CLOSED, }, Latitude= 41.632265971064044, Longitude= -71.00411745384078,  (at simulation time 66.002,300,000 s)
2023-09-25 08:46:11,144 INFO  - ,Received V2X Message from ,rsu_2, InterVehicleMsg{,30, 511,  41.632382935740885,  -71.0077086334615, Road CLOSED, }, Latitude= 41.632265971064044, Longitude= -71.00411745384078,  (at simulation time 66.102,800,000 s)
2023-09-25 08:46:11,144 INFO  - ,Received V2X Message from ,rsu_2, InterVehicleMsg{,30, 512,  41.632382935740885,  -71.0077086334615, Road CLOSED, }, Latitude= 41.632265971064044, Longitude= -71.00411745384078,  (at simulation time 66.203,300,000 s)
2023-09-25 08:46:11,144 INFO  - ,Received V2X Message from ,rsu_2, InterVehicleMsg{,30, 513,  41.632382935740885,  -71.0077086334615, Road CLOSED, }, Latitude= 41.632265971064044, Longitude= -71.00411745384078,  (at simulation time 66.303,800,000 s)
2023-09-25 08:46:11,144 INFO  - ,Received V2X Message from ,rsu_2, InterVehicleMsg{,30, 514,  41.632382935740885,  -71.0077086334615, Road CLOSED, }, Latitude= 41.632265971064044, Longitude= -71.00411745384078,  (at simulation time 66.402,300,000 s)
2023-09-25 08:46:11,145 INFO  - ,Received V2X Message from ,rsu_2, InterVehicleMsg{,30, 515,  41.632382935740885,  -71.0077086334615, Road CLOSED, }, Latitude= 41.632265971064044, Longitude= -71.00411745384078,  (at simulation time 66.501,800,000 s)
2023-09-25 08:46:11,145 INFO  - ,Received V2X Message from ,rsu_2, InterVehicleMsg{,30, 516,  41.632382935740885,  -71.0077086334615, Road CLOSED, }, Latitude= 41.632265971064044, Longitude= -71.00411745384078,  (at simulation time 66.601,300,000 s)
2023-09-25 08:46:11,145 INFO  - ,Received V2X Message from ,rsu_2, InterVehicleMsg{,30, 517,  41.632382935740885,  -71.0077086334615, Road CLOSED, }, Latitude= 41.632265971064044, Longitude= -71.00411745384078,  (at simulation time 66.702,300,000 s)
2023-09-25 08:46:11,145 INFO  - ,Received V2X Message from ,rsu_2, InterVehicleMsg{,30, 518,  41.632382935740885,  -71.0077086334615, Road CLOSED, }, Latitude= 41.632265971064044, Longitude= -71.00411745384078,  (at simulation time 66.804,300,000 s)
2023-09-25 08:46:11,145 INFO  - ,Received V2X Message from ,rsu_2, InterVehicleMsg{,30, 519,  41.632382935740885,  -71.0077086334615, Road CLOSED, }, Latitude= 41.632265971064044, Longitude= -71.00411745384078,  (at simulation time 66.904,300,000 s)
2023-09-25 08:46:11,147 INFO  - ,Received V2X Message from ,rsu_2, InterVehicleMsg{,30, 520,  41.632382935740885,  -71.0077086334615, Road CLOSED, }, Latitude= 41.63228531041395, Longitude= -71.0041905058181,  (at simulation time 67.001,300,000 s)
2023-09-25 08:46:11,147 INFO  - ,Received V2X Message from ,rsu_2, InterVehicleMsg{,30, 521,  41.632382935740885,  -71.0077086334615, Road CLOSED, }, Latitude= 41.63228531041395, Longitude= -71.0041905058181,  (at simulation time 67.102,800,000 s)
2023-09-25 08:46:11,147 INFO  - ,Received V2X Message from ,rsu_2, InterVehicleMsg{,30, 522,  41.632382935740885,  -71.0077086334615, Road CLOSED, }, Latitude= 41.63228531041395, Longitude= -71.0041905058181,  (at simulation time 67.201,800,000 s)
2023-09-25 08:46:11,147 INFO  - ,Received V2X Message from ,rsu_2, InterVehicleMsg{,30, 523,  41.632382935740885,  -71.0077086334615, Road CLOSED, }, Latitude= 41.63228531041395, Longitude= -71.0041905058181,  (at simulation time 67.302,800,000 s)
2023-09-25 08:46:11,148 INFO  - ,Received V2X Message from ,rsu_2, InterVehicleMsg{,30, 524,  41.632382935740885,  -71.0077086334615, Road CLOSED, }, Latitude= 41.63228531041395, Longitude= -71.0041905058181,  (at simulation time 67.402,800,000 s)
2023-09-25 08:46:11,148 INFO  - ,Received V2X Message from ,rsu_2, InterVehicleMsg{,30, 525,  41.632382935740885,  -71.0077086334615, Road CLOSED, }, Latitude= 41.63228531041395, Longitude= -71.0041905058181,  (at simulation time 67.501,800,000 s)
2023-09-25 08:46:11,148 INFO  - ,Received V2X Message from ,rsu_2, InterVehicleMsg{,30, 526,  41.632382935740885,  -71.0077086334615, Road CLOSED, }, Latitude= 41.63228531041395, Longitude= -71.0041905058181,  (at simulation time 67.603,800,000 s)
2023-09-25 08:46:11,149 INFO  - ,Received V2X Message from ,rsu_2, InterVehicleMsg{,30, 527,  41.632382935740885,  -71.0077086334615, Road CLOSED, }, Latitude= 41.63228531041395, Longitude= -71.0041905058181,  (at simulation time 67.704,300,000 s)
2023-09-25 08:46:11,149 INFO  - ,Received V2X Message from ,rsu_2, InterVehicleMsg{,30, 528,  41.632382935740885,  -71.0077086334615, Road CLOSED, }, Latitude= 41.63228531041395, Longitude= -71.0041905058181,  (at simulation time 67.802,800,000 s)
2023-09-25 08:46:11,149 INFO  - ,Received V2X Message from ,rsu_2, InterVehicleMsg{,30, 529,  41.632382935740885,  -71.0077086334615, Road CLOSED, }, Latitude= 41.63228531041395, Longitude= -71.0041905058181,  (at simulation time 67.902,300,000 s)
2023-09-25 08:46:11,151 INFO  - ,Received V2X Message from ,rsu_2, InterVehicleMsg{,30, 530,  41.632382935740885,  -71.0077086334615, Road CLOSED, }, Latitude= 41.63229860246184, Longitude= -71.0042480450031,  (at simulation time 68.003,800,000 s)
2023-09-25 08:46:11,151 INFO  - ,Received V2X Message from ,rsu_2, InterVehicleMsg{,30, 531,  41.632382935740885,  -71.0077086334615, Road CLOSED, }, Latitude= 41.63229860246184, Longitude= -71.0042480450031,  (at simulation time 68.103,300,000 s)
2023-09-25 08:46:11,151 INFO  - ,Received V2X Message from ,rsu_2, InterVehicleMsg{,30, 532,  41.632382935740885,  -71.0077086334615, Road CLOSED, }, Latitude= 41.63229860246184, Longitude= -71.0042480450031,  (at simulation time 68.202,800,000 s)
2023-09-25 08:46:11,151 INFO  - ,Received V2X Message from ,rsu_2, InterVehicleMsg{,30, 533,  41.632382935740885,  -71.0077086334615, Road CLOSED, }, Latitude= 41.63229860246184, Longitude= -71.0042480450031,  (at simulation time 68.302,300,000 s)
2023-09-25 08:46:11,152 INFO  - ,Received V2X Message from ,rsu_2, InterVehicleMsg{,30, 534,  41.632382935740885,  -71.0077086334615, Road CLOSED, }, Latitude= 41.63229860246184, Longitude= -71.0042480450031,  (at simulation time 68.404,300,000 s)
2023-09-25 08:46:11,152 INFO  - ,Received V2X Message from ,rsu_2, InterVehicleMsg{,30, 535,  41.632382935740885,  -71.0077086334615, Road CLOSED, }, Latitude= 41.63229860246184, Longitude= -71.0042480450031,  (at simulation time 68.503,800,000 s)
2023-09-25 08:46:11,152 INFO  - ,Received V2X Message from ,rsu_2, InterVehicleMsg{,30, 536,  41.632382935740885,  -71.0077086334615, Road CLOSED, }, Latitude= 41.63229860246184, Longitude= -71.0042480450031,  (at simulation time 68.604,800,000 s)
2023-09-25 08:46:11,153 INFO  - ,Received V2X Message from ,rsu_2, InterVehicleMsg{,30, 537,  41.632382935740885,  -71.0077086334615, Road CLOSED, }, Latitude= 41.63229860246184, Longitude= -71.0042480450031,  (at simulation time 68.702,800,000 s)
2023-09-25 08:46:11,153 INFO  - ,Received V2X Message from ,rsu_2, InterVehicleMsg{,30, 538,  41.632382935740885,  -71.0077086334615, Road CLOSED, }, Latitude= 41.63229860246184, Longitude= -71.0042480450031,  (at simulation time 68.803,800,000 s)
2023-09-25 08:46:11,153 INFO  - ,Received V2X Message from ,rsu_2, InterVehicleMsg{,30, 539,  41.632382935740885,  -71.0077086334615, Road CLOSED, }, Latitude= 41.63229860246184, Longitude= -71.0042480450031,  (at simulation time 68.901,300,000 s)
2023-09-25 08:46:11,154 INFO  - ,Received V2X Message from ,rsu_2, InterVehicleMsg{,30, 540,  41.632382935740885,  -71.0077086334615, Road CLOSED, }, Latitude= 41.63231500964415, Longitude= -71.00432521775564,  (at simulation time 69.003,800,000 s)
2023-09-25 08:46:11,155 INFO  - ,Received V2X Message from ,rsu_2, InterVehicleMsg{,30, 541,  41.632382935740885,  -71.0077086334615, Road CLOSED, }, Latitude= 41.63231500964415, Longitude= -71.00432521775564,  (at simulation time 69.104,300,000 s)
2023-09-25 08:46:11,155 INFO  - ,Received V2X Message from ,rsu_2, InterVehicleMsg{,30, 542,  41.632382935740885,  -71.0077086334615, Road CLOSED, }, Latitude= 41.63231500964415, Longitude= -71.00432521775564,  (at simulation time 69.203,800,000 s)
2023-09-25 08:46:11,155 INFO  - ,Received V2X Message from ,rsu_2, InterVehicleMsg{,30, 543,  41.632382935740885,  -71.0077086334615, Road CLOSED, }, Latitude= 41.63231500964415, Longitude= -71.00432521775564,  (at simulation time 69.302,300,000 s)
2023-09-25 08:46:11,155 INFO  - ,Received V2X Message from ,rsu_2, InterVehicleMsg{,30, 544,  41.632382935740885,  -71.0077086334615, Road CLOSED, }, Latitude= 41.63231500964415, Longitude= -71.00432521775564,  (at simulation time 69.404,300,000 s)
2023-09-25 08:46:11,155 INFO  - ,Received V2X Message from ,rsu_2, InterVehicleMsg{,30, 545,  41.632382935740885,  -71.0077086334615, Road CLOSED, }, Latitude= 41.63231500964415, Longitude= -71.00432521775564,  (at simulation time 69.502,300,000 s)
2023-09-25 08:46:11,156 INFO  - ,Received V2X Message from ,rsu_2, InterVehicleMsg{,30, 546,  41.632382935740885,  -71.0077086334615, Road CLOSED, }, Latitude= 41.63231500964415, Longitude= -71.00432521775564,  (at simulation time 69.603,800,000 s)
2023-09-25 08:46:11,156 INFO  - ,Received V2X Message from ,rsu_2, InterVehicleMsg{,30, 547,  41.632382935740885,  -71.0077086334615, Road CLOSED, }, Latitude= 41.63231500964415, Longitude= -71.00432521775564,  (at simulation time 69.703,800,000 s)
2023-09-25 08:46:11,156 INFO  - ,Received V2X Message from ,rsu_2, InterVehicleMsg{,30, 548,  41.632382935740885,  -71.0077086334615, Road CLOSED, }, Latitude= 41.63231500964415, Longitude= -71.00432521775564,  (at simulation time 69.801,800,000 s)
2023-09-25 08:46:11,156 INFO  - ,Received V2X Message from ,rsu_2, InterVehicleMsg{,30, 549,  41.632382935740885,  -71.0077086334615, Road CLOSED, }, Latitude= 41.63231500964415, Longitude= -71.00432521775564,  (at simulation time 69.903,300,000 s)
2023-09-25 08:46:11,158 INFO  - ,Received V2X Message from ,rsu_2, InterVehicleMsg{,30, 550,  41.632382935740885,  -71.0077086334615, Road CLOSED, }, Latitude= 41.632330793428544, Longitude= -71.00439945856571,  (at simulation time 70.002,800,000 s)
2023-09-25 08:46:11,159 INFO  - ,Received V2X Message from ,rsu_2, InterVehicleMsg{,30, 551,  41.632382935740885,  -71.0077086334615, Road CLOSED, }, Latitude= 41.632330793428544, Longitude= -71.00439945856571,  (at simulation time 70.103,300,000 s)
2023-09-25 08:46:11,159 INFO  - ,Received V2X Message from ,rsu_2, InterVehicleMsg{,30, 552,  41.632382935740885,  -71.0077086334615, Road CLOSED, }, Latitude= 41.632330793428544, Longitude= -71.00439945856571,  (at simulation time 70.203,300,000 s)
2023-09-25 08:46:11,159 INFO  - ,Received V2X Message from ,rsu_2, InterVehicleMsg{,30, 553,  41.632382935740885,  -71.0077086334615, Road CLOSED, }, Latitude= 41.632330793428544, Longitude= -71.00439945856571,  (at simulation time 70.303,300,000 s)
2023-09-25 08:46:11,159 INFO  - ,Received V2X Message from ,rsu_2, InterVehicleMsg{,30, 554,  41.632382935740885,  -71.0077086334615, Road CLOSED, }, Latitude= 41.632330793428544, Longitude= -71.00439945856571,  (at simulation time 70.401,300,000 s)
2023-09-25 08:46:11,159 INFO  - ,Received V2X Message from ,rsu_2, InterVehicleMsg{,30, 555,  41.632382935740885,  -71.0077086334615, Road CLOSED, }, Latitude= 41.632330793428544, Longitude= -71.00439945856571,  (at simulation time 70.501,800,000 s)
2023-09-25 08:46:11,160 INFO  - ,Received V2X Message from ,rsu_2, InterVehicleMsg{,30, 556,  41.632382935740885,  -71.0077086334615, Road CLOSED, }, Latitude= 41.632330793428544, Longitude= -71.00439945856571,  (at simulation time 70.602,300,000 s)
2023-09-25 08:46:11,160 INFO  - ,Received V2X Message from ,rsu_2, InterVehicleMsg{,30, 557,  41.632382935740885,  -71.0077086334615, Road CLOSED, }, Latitude= 41.632330793428544, Longitude= -71.00439945856571,  (at simulation time 70.702,300,000 s)
2023-09-25 08:46:11,160 INFO  - ,Received V2X Message from ,rsu_2, InterVehicleMsg{,30, 558,  41.632382935740885,  -71.0077086334615, Road CLOSED, }, Latitude= 41.632330793428544, Longitude= -71.00439945856571,  (at simulation time 70.803,300,000 s)
2023-09-25 08:46:11,160 INFO  - ,Received V2X Message from ,rsu_2, InterVehicleMsg{,30, 559,  41.632382935740885,  -71.0077086334615, Road CLOSED, }, Latitude= 41.632330793428544, Longitude= -71.00439945856571,  (at simulation time 70.900,800,000 s)
2023-09-25 08:46:11,162 INFO  - ,Received V2X Message from ,rsu_2, InterVehicleMsg{,30, 560,  41.632382935740885,  -71.0077086334615, Road CLOSED, }, Latitude= 41.63234502070741, Longitude= -71.00448365898178,  (at simulation time 71.003,800,000 s)
2023-09-25 08:46:11,162 INFO  - ,Received V2X Message from ,rsu_2, InterVehicleMsg{,30, 561,  41.632382935740885,  -71.0077086334615, Road CLOSED, }, Latitude= 41.63234502070741, Longitude= -71.00448365898178,  (at simulation time 71.102,300,000 s)
2023-09-25 08:46:11,162 INFO  - ,Received V2X Message from ,rsu_2, InterVehicleMsg{,30, 562,  41.632382935740885,  -71.0077086334615, Road CLOSED, }, Latitude= 41.63234502070741, Longitude= -71.00448365898178,  (at simulation time 71.203,300,000 s)
2023-09-25 08:46:11,162 INFO  - ,Received V2X Message from ,rsu_2, InterVehicleMsg{,30, 563,  41.632382935740885,  -71.0077086334615, Road CLOSED, }, Latitude= 41.63234502070741, Longitude= -71.00448365898178,  (at simulation time 71.303,800,000 s)
2023-09-25 08:46:11,162 INFO  - ,Received V2X Message from ,rsu_2, InterVehicleMsg{,30, 564,  41.632382935740885,  -71.0077086334615, Road CLOSED, }, Latitude= 41.63234502070741, Longitude= -71.00448365898178,  (at simulation time 71.402,300,000 s)
2023-09-25 08:46:11,163 INFO  - ,Received V2X Message from ,rsu_2, InterVehicleMsg{,30, 565,  41.632382935740885,  -71.0077086334615, Road CLOSED, }, Latitude= 41.63234502070741, Longitude= -71.00448365898178,  (at simulation time 71.503,300,000 s)
2023-09-25 08:46:11,163 INFO  - ,Received V2X Message from ,rsu_2, InterVehicleMsg{,30, 566,  41.632382935740885,  -71.0077086334615, Road CLOSED, }, Latitude= 41.63234502070741, Longitude= -71.00448365898178,  (at simulation time 71.601,800,000 s)
2023-09-25 08:46:11,163 INFO  - ,Received V2X Message from ,rsu_2, InterVehicleMsg{,30, 567,  41.632382935740885,  -71.0077086334615, Road CLOSED, }, Latitude= 41.63234502070741, Longitude= -71.00448365898178,  (at simulation time 71.702,800,000 s)
2023-09-25 08:46:11,163 INFO  - ,Received V2X Message from ,rsu_2, InterVehicleMsg{,30, 568,  41.632382935740885,  -71.0077086334615, Road CLOSED, }, Latitude= 41.63234502070741, Longitude= -71.00448365898178,  (at simulation time 71.803,300,000 s)
2023-09-25 08:46:11,163 INFO  - ,Received V2X Message from ,rsu_2, InterVehicleMsg{,30, 569,  41.632382935740885,  -71.0077086334615, Road CLOSED, }, Latitude= 41.63234502070741, Longitude= -71.00448365898178,  (at simulation time 71.902,800,000 s)
2023-09-25 08:46:11,166 INFO  - ,Received V2X Message from ,rsu_2, InterVehicleMsg{,30, 570,  41.632382935740885,  -71.0077086334615, Road CLOSED, }, Latitude= 41.63235707323044, Longitude= -71.00455825546642,  (at simulation time 72.001,800,000 s)
2023-09-25 08:46:11,166 INFO  - ,Received V2X Message from ,rsu_2, InterVehicleMsg{,30, 571,  41.632382935740885,  -71.0077086334615, Road CLOSED, }, Latitude= 41.63235707323044, Longitude= -71.00455825546642,  (at simulation time 72.102,300,000 s)
2023-09-25 08:46:11,166 INFO  - ,Received V2X Message from ,rsu_2, InterVehicleMsg{,30, 572,  41.632382935740885,  -71.0077086334615, Road CLOSED, }, Latitude= 41.63235707323044, Longitude= -71.00455825546642,  (at simulation time 72.203,800,000 s)
2023-09-25 08:46:11,167 INFO  - ,Received V2X Message from ,rsu_2, InterVehicleMsg{,30, 573,  41.632382935740885,  -71.0077086334615, Road CLOSED, }, Latitude= 41.63235707323044, Longitude= -71.00455825546642,  (at simulation time 72.302,300,000 s)
2023-09-25 08:46:11,167 INFO  - ,Received V2X Message from ,rsu_2, InterVehicleMsg{,30, 574,  41.632382935740885,  -71.0077086334615, Road CLOSED, }, Latitude= 41.63235707323044, Longitude= -71.00455825546642,  (at simulation time 72.402,800,000 s)
2023-09-25 08:46:11,167 INFO  - ,Received V2X Message from ,rsu_2, InterVehicleMsg{,30, 575,  41.632382935740885,  -71.0077086334615, Road CLOSED, }, Latitude= 41.63235707323044, Longitude= -71.00455825546642,  (at simulation time 72.501,800,000 s)
2023-09-25 08:46:11,167 INFO  - ,Received V2X Message from ,rsu_2, InterVehicleMsg{,30, 576,  41.632382935740885,  -71.0077086334615, Road CLOSED, }, Latitude= 41.63235707323044, Longitude= -71.00455825546642,  (at simulation time 72.603,800,000 s)
2023-09-25 08:46:11,168 INFO  - ,Received V2X Message from ,rsu_2, InterVehicleMsg{,30, 577,  41.632382935740885,  -71.0077086334615, Road CLOSED, }, Latitude= 41.63235707323044, Longitude= -71.00455825546642,  (at simulation time 72.703,800,000 s)
2023-09-25 08:46:11,168 INFO  - ,Received V2X Message from ,rsu_2, InterVehicleMsg{,30, 578,  41.632382935740885,  -71.0077086334615, Road CLOSED, }, Latitude= 41.63235707323044, Longitude= -71.00455825546642,  (at simulation time 72.802,800,000 s)
2023-09-25 08:46:11,168 INFO  - ,Received V2X Message from ,rsu_2, InterVehicleMsg{,30, 579,  41.632382935740885,  -71.0077086334615, Road CLOSED, }, Latitude= 41.63235707323044, Longitude= -71.00455825546642,  (at simulation time 72.902,800,000 s)
2023-09-25 08:46:11,170 INFO  - ,Received V2X Message from ,rsu_2, InterVehicleMsg{,30, 580,  41.632382935740885,  -71.0077086334615, Road CLOSED, }, Latitude= 41.632369358802194, Longitude= -71.00464251723731,  (at simulation time 73.003,300,000 s)
2023-09-25 08:46:11,170 INFO  - ,Received V2X Message from ,rsu_2, InterVehicleMsg{,30, 581,  41.632382935740885,  -71.0077086334615, Road CLOSED, }, Latitude= 41.632369358802194, Longitude= -71.00464251723731,  (at simulation time 73.101,800,000 s)
2023-09-25 08:46:11,171 INFO  - ,Received V2X Message from ,rsu_2, InterVehicleMsg{,30, 582,  41.632382935740885,  -71.0077086334615, Road CLOSED, }, Latitude= 41.632369358802194, Longitude= -71.00464251723731,  (at simulation time 73.203,800,000 s)
2023-09-25 08:46:11,171 INFO  - ,Received V2X Message from ,rsu_2, InterVehicleMsg{,30, 583,  41.632382935740885,  -71.0077086334615, Road CLOSED, }, Latitude= 41.632369358802194, Longitude= -71.00464251723731,  (at simulation time 73.302,800,000 s)
2023-09-25 08:46:11,171 INFO  - ,Received V2X Message from ,rsu_2, InterVehicleMsg{,30, 584,  41.632382935740885,  -71.0077086334615, Road CLOSED, }, Latitude= 41.632369358802194, Longitude= -71.00464251723731,  (at simulation time 73.404,300,000 s)
2023-09-25 08:46:11,171 INFO  - ,Received V2X Message from ,rsu_2, InterVehicleMsg{,30, 585,  41.632382935740885,  -71.0077086334615, Road CLOSED, }, Latitude= 41.632369358802194, Longitude= -71.00464251723731,  (at simulation time 73.504,800,000 s)
2023-09-25 08:46:11,171 INFO  - ,Received V2X Message from ,rsu_2, InterVehicleMsg{,30, 586,  41.632382935740885,  -71.0077086334615, Road CLOSED, }, Latitude= 41.632369358802194, Longitude= -71.00464251723731,  (at simulation time 73.602,800,000 s)
2023-09-25 08:46:11,172 INFO  - ,Received V2X Message from ,rsu_2, InterVehicleMsg{,30, 587,  41.632382935740885,  -71.0077086334615, Road CLOSED, }, Latitude= 41.632369358802194, Longitude= -71.00464251723731,  (at simulation time 73.702,800,000 s)
2023-09-25 08:46:11,172 INFO  - ,Received V2X Message from ,rsu_2, InterVehicleMsg{,30, 588,  41.632382935740885,  -71.0077086334615, Road CLOSED, }, Latitude= 41.632369358802194, Longitude= -71.00464251723731,  (at simulation time 73.803,300,000 s)
2023-09-25 08:46:11,172 INFO  - ,Received V2X Message from ,rsu_2, InterVehicleMsg{,30, 589,  41.632382935740885,  -71.0077086334615, Road CLOSED, }, Latitude= 41.632369358802194, Longitude= -71.00464251723731,  (at simulation time 73.902,800,000 s)
2023-09-25 08:46:11,174 INFO  - ,Received V2X Message from ,rsu_2, InterVehicleMsg{,30, 590,  41.632382935740885,  -71.0077086334615, Road CLOSED, }, Latitude= 41.63237826026448, Longitude= -71.00472228440017,  (at simulation time 74.001,800,000 s)
2023-09-25 08:46:11,174 INFO  - ,Received V2X Message from ,rsu_2, InterVehicleMsg{,30, 591,  41.632382935740885,  -71.0077086334615, Road CLOSED, }, Latitude= 41.63237826026448, Longitude= -71.00472228440017,  (at simulation time 74.103,300,000 s)
2023-09-25 08:46:11,174 INFO  - ,Received V2X Message from ,rsu_2, InterVehicleMsg{,30, 592,  41.632382935740885,  -71.0077086334615, Road CLOSED, }, Latitude= 41.63237826026448, Longitude= -71.00472228440017,  (at simulation time 74.203,300,000 s)
2023-09-25 08:46:11,174 INFO  - ,Received V2X Message from ,rsu_2, InterVehicleMsg{,30, 593,  41.632382935740885,  -71.0077086334615, Road CLOSED, }, Latitude= 41.63237826026448, Longitude= -71.00472228440017,  (at simulation time 74.301,800,000 s)
2023-09-25 08:46:11,174 INFO  - ,Received V2X Message from ,rsu_2, InterVehicleMsg{,30, 594,  41.632382935740885,  -71.0077086334615, Road CLOSED, }, Latitude= 41.63237826026448, Longitude= -71.00472228440017,  (at simulation time 74.404,300,000 s)
2023-09-25 08:46:11,175 INFO  - ,Received V2X Message from ,rsu_2, InterVehicleMsg{,30, 595,  41.632382935740885,  -71.0077086334615, Road CLOSED, }, Latitude= 41.63237826026448, Longitude= -71.00472228440017,  (at simulation time 74.502,300,000 s)
2023-09-25 08:46:11,175 INFO  - ,Received V2X Message from ,rsu_2, InterVehicleMsg{,30, 596,  41.632382935740885,  -71.0077086334615, Road CLOSED, }, Latitude= 41.63237826026448, Longitude= -71.00472228440017,  (at simulation time 74.603,300,000 s)
2023-09-25 08:46:11,175 INFO  - ,Received V2X Message from ,rsu_2, InterVehicleMsg{,30, 597,  41.632382935740885,  -71.0077086334615, Road CLOSED, }, Latitude= 41.63237826026448, Longitude= -71.00472228440017,  (at simulation time 74.701,800,000 s)
2023-09-25 08:46:11,175 INFO  - ,Received V2X Message from ,rsu_2, InterVehicleMsg{,30, 598,  41.632382935740885,  -71.0077086334615, Road CLOSED, }, Latitude= 41.63237826026448, Longitude= -71.00472228440017,  (at simulation time 74.802,800,000 s)
2023-09-25 08:46:11,175 INFO  - ,Received V2X Message from ,rsu_2, InterVehicleMsg{,30, 599,  41.632382935740885,  -71.0077086334615, Road CLOSED, }, Latitude= 41.63237826026448, Longitude= -71.00472228440017,  (at simulation time 74.901,300,000 s)
2023-09-25 08:46:11,178 INFO  - ,Received V2X Message from ,rsu_2, InterVehicleMsg{,30, 600,  41.632382935740885,  -71.0077086334615, Road CLOSED, }, Latitude= 41.63238709375277, Longitude= -71.00480144295406,  (at simulation time 75.003,300,000 s)
2023-09-25 08:46:11,178 INFO  - ,Received V2X Message from ,rsu_2, InterVehicleMsg{,30, 601,  41.632382935740885,  -71.0077086334615, Road CLOSED, }, Latitude= 41.63238709375277, Longitude= -71.00480144295406,  (at simulation time 75.102,300,000 s)
2023-09-25 08:46:11,179 INFO  - ,Received V2X Message from ,rsu_2, InterVehicleMsg{,30, 602,  41.632382935740885,  -71.0077086334615, Road CLOSED, }, Latitude= 41.63238709375277, Longitude= -71.00480144295406,  (at simulation time 75.203,300,000 s)
2023-09-25 08:46:11,179 INFO  - ,Received V2X Message from ,rsu_2, InterVehicleMsg{,30, 603,  41.632382935740885,  -71.0077086334615, Road CLOSED, }, Latitude= 41.63238709375277, Longitude= -71.00480144295406,  (at simulation time 75.303,800,000 s)
2023-09-25 08:46:11,179 INFO  - ,Received V2X Message from ,rsu_2, InterVehicleMsg{,30, 604,  41.632382935740885,  -71.0077086334615, Road CLOSED, }, Latitude= 41.63238709375277, Longitude= -71.00480144295406,  (at simulation time 75.402,300,000 s)
2023-09-25 08:46:11,179 INFO  - ,Received V2X Message from ,rsu_2, InterVehicleMsg{,30, 605,  41.632382935740885,  -71.0077086334615, Road CLOSED, }, Latitude= 41.63238709375277, Longitude= -71.00480144295406,  (at simulation time 75.501,800,000 s)
2023-09-25 08:46:11,179 INFO  - ,Received V2X Message from ,rsu_2, InterVehicleMsg{,30, 606,  41.632382935740885,  -71.0077086334615, Road CLOSED, }, Latitude= 41.63238709375277, Longitude= -71.00480144295406,  (at simulation time 75.600,800,000 s)
2023-09-25 08:46:11,180 INFO  - ,Received V2X Message from ,rsu_2, InterVehicleMsg{,30, 607,  41.632382935740885,  -71.0077086334615, Road CLOSED, }, Latitude= 41.63238709375277, Longitude= -71.00480144295406,  (at simulation time 75.703,800,000 s)
2023-09-25 08:46:11,180 INFO  - ,Received V2X Message from ,rsu_2, InterVehicleMsg{,30, 608,  41.632382935740885,  -71.0077086334615, Road CLOSED, }, Latitude= 41.63238709375277, Longitude= -71.00480144295406,  (at simulation time 75.803,300,000 s)
2023-09-25 08:46:11,180 INFO  - ,Received V2X Message from ,rsu_2, InterVehicleMsg{,30, 609,  41.632382935740885,  -71.0077086334615, Road CLOSED, }, Latitude= 41.63238709375277, Longitude= -71.00480144295406,  (at simulation time 75.902,800,000 s)
2023-09-25 08:46:11,183 INFO  - ,Received V2X Message from ,rsu_2, InterVehicleMsg{,30, 610,  41.632382935740885,  -71.0077086334615, Road CLOSED, }, Latitude= 41.632393440091505, Longitude= -71.00488399006946,  (at simulation time 76.002,800,000 s)
2023-09-25 08:46:11,184 INFO  - ,Received V2X Message from ,rsu_2, InterVehicleMsg{,30, 611,  41.632382935740885,  -71.0077086334615, Road CLOSED, }, Latitude= 41.632393440091505, Longitude= -71.00488399006946,  (at simulation time 76.102,300,000 s)
2023-09-25 08:46:11,184 INFO  - ,Received V2X Message from ,rsu_2, InterVehicleMsg{,30, 612,  41.632382935740885,  -71.0077086334615, Road CLOSED, }, Latitude= 41.632393440091505, Longitude= -71.00488399006946,  (at simulation time 76.202,800,000 s)
2023-09-25 08:46:11,184 INFO  - ,Received V2X Message from ,rsu_2, InterVehicleMsg{,30, 613,  41.632382935740885,  -71.0077086334615, Road CLOSED, }, Latitude= 41.632393440091505, Longitude= -71.00488399006946,  (at simulation time 76.302,800,000 s)
2023-09-25 08:46:11,184 INFO  - ,Received V2X Message from ,rsu_2, InterVehicleMsg{,30, 614,  41.632382935740885,  -71.0077086334615, Road CLOSED, }, Latitude= 41.632393440091505, Longitude= -71.00488399006946,  (at simulation time 76.404,800,000 s)
2023-09-25 08:46:11,185 INFO  - ,Received V2X Message from ,rsu_2, InterVehicleMsg{,30, 615,  41.632382935740885,  -71.0077086334615, Road CLOSED, }, Latitude= 41.632393440091505, Longitude= -71.00488399006946,  (at simulation time 76.504,300,000 s)
2023-09-25 08:46:11,185 INFO  - ,Received V2X Message from ,rsu_2, InterVehicleMsg{,30, 616,  41.632382935740885,  -71.0077086334615, Road CLOSED, }, Latitude= 41.632393440091505, Longitude= -71.00488399006946,  (at simulation time 76.603,800,000 s)
2023-09-25 08:46:11,185 INFO  - ,Received V2X Message from ,rsu_2, InterVehicleMsg{,30, 617,  41.632382935740885,  -71.0077086334615, Road CLOSED, }, Latitude= 41.632393440091505, Longitude= -71.00488399006946,  (at simulation time 76.703,300,000 s)
2023-09-25 08:46:11,185 INFO  - ,Received V2X Message from ,rsu_2, InterVehicleMsg{,30, 618,  41.632382935740885,  -71.0077086334615, Road CLOSED, }, Latitude= 41.632393440091505, Longitude= -71.00488399006946,  (at simulation time 76.802,800,000 s)
2023-09-25 08:46:11,185 INFO  - ,Received V2X Message from ,rsu_2, InterVehicleMsg{,30, 619,  41.632382935740885,  -71.0077086334615, Road CLOSED, }, Latitude= 41.632393440091505, Longitude= -71.00488399006946,  (at simulation time 76.901,300,000 s)
2023-09-25 08:46:11,188 INFO  - ,Received V2X Message from ,rsu_2, InterVehicleMsg{,30, 620,  41.632382935740885,  -71.0077086334615, Road CLOSED, }, Latitude= 41.63239878756895, Longitude= -71.00496629897364,  (at simulation time 77.004,800,000 s)
2023-09-25 08:46:11,188 INFO  - ,Received V2X Message from ,rsu_2, InterVehicleMsg{,30, 621,  41.632382935740885,  -71.0077086334615, Road CLOSED, }, Latitude= 41.63239878756895, Longitude= -71.00496629897364,  (at simulation time 77.103,300,000 s)
2023-09-25 08:46:11,188 INFO  - ,Received V2X Message from ,rsu_2, InterVehicleMsg{,30, 622,  41.632382935740885,  -71.0077086334615, Road CLOSED, }, Latitude= 41.63239878756895, Longitude= -71.00496629897364,  (at simulation time 77.204,300,000 s)
2023-09-25 08:46:11,188 INFO  - ,Received V2X Message from ,rsu_2, InterVehicleMsg{,30, 623,  41.632382935740885,  -71.0077086334615, Road CLOSED, }, Latitude= 41.63239878756895, Longitude= -71.00496629897364,  (at simulation time 77.303,800,000 s)
2023-09-25 08:46:11,189 INFO  - ,Received V2X Message from ,rsu_2, InterVehicleMsg{,30, 624,  41.632382935740885,  -71.0077086334615, Road CLOSED, }, Latitude= 41.63239878756895, Longitude= -71.00496629897364,  (at simulation time 77.403,800,000 s)
2023-09-25 08:46:11,189 INFO  - ,Received V2X Message from ,rsu_2, InterVehicleMsg{,30, 625,  41.632382935740885,  -71.0077086334615, Road CLOSED, }, Latitude= 41.63239878756895, Longitude= -71.00496629897364,  (at simulation time 77.504,300,000 s)
2023-09-25 08:46:11,189 INFO  - ,Received V2X Message from ,rsu_2, InterVehicleMsg{,30, 626,  41.632382935740885,  -71.0077086334615, Road CLOSED, }, Latitude= 41.63239878756895, Longitude= -71.00496629897364,  (at simulation time 77.603,300,000 s)
2023-09-25 08:46:11,189 INFO  - ,Received V2X Message from ,rsu_2, InterVehicleMsg{,30, 627,  41.632382935740885,  -71.0077086334615, Road CLOSED, }, Latitude= 41.63239878756895, Longitude= -71.00496629897364,  (at simulation time 77.701,800,000 s)
2023-09-25 08:46:11,190 INFO  - ,Received V2X Message from ,rsu_2, InterVehicleMsg{,30, 628,  41.632382935740885,  -71.0077086334615, Road CLOSED, }, Latitude= 41.63239878756895, Longitude= -71.00496629897364,  (at simulation time 77.801,300,000 s)
2023-09-25 08:46:11,190 INFO  - ,Received V2X Message from ,rsu_2, InterVehicleMsg{,30, 629,  41.632382935740885,  -71.0077086334615, Road CLOSED, }, Latitude= 41.63239878756895, Longitude= -71.00496629897364,  (at simulation time 77.902,300,000 s)
2023-09-25 08:46:11,192 INFO  - ,Received V2X Message from ,rsu_2, InterVehicleMsg{,30, 630,  41.632382935740885,  -71.0077086334615, Road CLOSED, }, Latitude= 41.632403196018075, Longitude= -71.00505312702415,  (at simulation time 78.004,300,000 s)
2023-09-25 08:46:11,192 INFO  - ,Received V2X Message from ,rsu_2, InterVehicleMsg{,30, 631,  41.632382935740885,  -71.0077086334615, Road CLOSED, }, Latitude= 41.632403196018075, Longitude= -71.00505312702415,  (at simulation time 78.101,300,000 s)
2023-09-25 08:46:11,192 INFO  - ,Received V2X Message from ,rsu_2, InterVehicleMsg{,30, 632,  41.632382935740885,  -71.0077086334615, Road CLOSED, }, Latitude= 41.632403196018075, Longitude= -71.00505312702415,  (at simulation time 78.201,800,000 s)
2023-09-25 08:46:11,193 INFO  - ,Received V2X Message from ,rsu_2, InterVehicleMsg{,30, 633,  41.632382935740885,  -71.0077086334615, Road CLOSED, }, Latitude= 41.632403196018075, Longitude= -71.00505312702415,  (at simulation time 78.303,300,000 s)
2023-09-25 08:46:11,193 INFO  - ,Received V2X Message from ,rsu_2, InterVehicleMsg{,30, 634,  41.632382935740885,  -71.0077086334615, Road CLOSED, }, Latitude= 41.632403196018075, Longitude= -71.00505312702415,  (at simulation time 78.402,300,000 s)
2023-09-25 08:46:11,195 INFO  - ,Received V2X Message from ,rsu_2, InterVehicleMsg{,30, 635,  41.632382935740885,  -71.0077086334615, Road CLOSED, }, Latitude= 41.632403196018075, Longitude= -71.00505312702415,  (at simulation time 78.502,800,000 s)
2023-09-25 08:46:11,195 INFO  - ,Received V2X Message from ,rsu_2, InterVehicleMsg{,30, 636,  41.632382935740885,  -71.0077086334615, Road CLOSED, }, Latitude= 41.632403196018075, Longitude= -71.00505312702415,  (at simulation time 78.602,300,000 s)
2023-09-25 08:46:11,195 INFO  - ,Received V2X Message from ,rsu_2, InterVehicleMsg{,30, 637,  41.632382935740885,  -71.0077086334615, Road CLOSED, }, Latitude= 41.632403196018075, Longitude= -71.00505312702415,  (at simulation time 78.702,300,000 s)
2023-09-25 08:46:11,195 INFO  - ,Received V2X Message from ,rsu_2, InterVehicleMsg{,30, 638,  41.632382935740885,  -71.0077086334615, Road CLOSED, }, Latitude= 41.632403196018075, Longitude= -71.00505312702415,  (at simulation time 78.803,300,000 s)
2023-09-25 08:46:11,196 INFO  - ,Received V2X Message from ,rsu_2, InterVehicleMsg{,30, 639,  41.632382935740885,  -71.0077086334615, Road CLOSED, }, Latitude= 41.632403196018075, Longitude= -71.00505312702415,  (at simulation time 78.903,800,000 s)
2023-09-25 08:46:11,197 INFO  - ,Received V2X Message from ,rsu_2, InterVehicleMsg{,30, 640,  41.632382935740885,  -71.0077086334615, Road CLOSED, }, Latitude= 41.63240419740406, Longitude= -71.00512611917102,  (at simulation time 79.001,800,000 s)
2023-09-25 08:46:11,198 INFO  - ,Received V2X Message from ,rsu_2, InterVehicleMsg{,30, 641,  41.632382935740885,  -71.0077086334615, Road CLOSED, }, Latitude= 41.63240419740406, Longitude= -71.00512611917102,  (at simulation time 79.101,800,000 s)
2023-09-25 08:46:11,198 INFO  - ,Received V2X Message from ,rsu_2, InterVehicleMsg{,30, 642,  41.632382935740885,  -71.0077086334615, Road CLOSED, }, Latitude= 41.63240419740406, Longitude= -71.00512611917102,  (at simulation time 79.203,300,000 s)
2023-09-25 08:46:11,199 INFO  - ,Received V2X Message from ,rsu_2, InterVehicleMsg{,30, 643,  41.632382935740885,  -71.0077086334615, Road CLOSED, }, Latitude= 41.63240419740406, Longitude= -71.00512611917102,  (at simulation time 79.303,800,000 s)
2023-09-25 08:46:11,199 INFO  - ,Received V2X Message from ,rsu_2, InterVehicleMsg{,30, 644,  41.632382935740885,  -71.0077086334615, Road CLOSED, }, Latitude= 41.63240419740406, Longitude= -71.00512611917102,  (at simulation time 79.404,300,000 s)
2023-09-25 08:46:11,199 INFO  - ,Received V2X Message from ,rsu_2, InterVehicleMsg{,30, 645,  41.632382935740885,  -71.0077086334615, Road CLOSED, }, Latitude= 41.63240419740406, Longitude= -71.00512611917102,  (at simulation time 79.502,800,000 s)
2023-09-25 08:46:11,200 INFO  - ,Received V2X Message from ,rsu_2, InterVehicleMsg{,30, 646,  41.632382935740885,  -71.0077086334615, Road CLOSED, }, Latitude= 41.63240419740406, Longitude= -71.00512611917102,  (at simulation time 79.602,800,000 s)
2023-09-25 08:46:11,200 INFO  - ,Received V2X Message from ,rsu_2, InterVehicleMsg{,30, 647,  41.632382935740885,  -71.0077086334615, Road CLOSED, }, Latitude= 41.63240419740406, Longitude= -71.00512611917102,  (at simulation time 79.701,800,000 s)
2023-09-25 08:46:11,200 INFO  - ,Received V2X Message from ,rsu_2, InterVehicleMsg{,30, 648,  41.632382935740885,  -71.0077086334615, Road CLOSED, }, Latitude= 41.63240419740406, Longitude= -71.00512611917102,  (at simulation time 79.803,300,000 s)
2023-09-25 08:46:11,201 INFO  - ,Received V2X Message from ,rsu_2, InterVehicleMsg{,30, 649,  41.632382935740885,  -71.0077086334615, Road CLOSED, }, Latitude= 41.63240419740406, Longitude= -71.00512611917102,  (at simulation time 79.902,800,000 s)
2023-09-25 08:46:11,204 INFO  - ,Received V2X Message from ,rsu_2, InterVehicleMsg{,30, 650,  41.632382935740885,  -71.0077086334615, Road CLOSED, }, Latitude= 41.632405387538306, Longitude= -71.00521123878119,  (at simulation time 80.000,800,000 s)
2023-09-25 08:46:11,204 INFO  - ,Received V2X Message from ,rsu_2, InterVehicleMsg{,30, 651,  41.632382935740885,  -71.0077086334615, Road CLOSED, }, Latitude= 41.632405387538306, Longitude= -71.00521123878119,  (at simulation time 80.102,300,000 s)
2023-09-25 08:46:11,204 INFO  - ,Received V2X Message from ,rsu_2, InterVehicleMsg{,30, 652,  41.632382935740885,  -71.0077086334615, Road CLOSED, }, Latitude= 41.632405387538306, Longitude= -71.00521123878119,  (at simulation time 80.202,300,000 s)
2023-09-25 08:46:11,204 INFO  - ,Received V2X Message from ,rsu_2, InterVehicleMsg{,30, 653,  41.632382935740885,  -71.0077086334615, Road CLOSED, }, Latitude= 41.632405387538306, Longitude= -71.00521123878119,  (at simulation time 80.301,300,000 s)
2023-09-25 08:46:11,205 INFO  - ,Received V2X Message from ,rsu_2, InterVehicleMsg{,30, 654,  41.632382935740885,  -71.0077086334615, Road CLOSED, }, Latitude= 41.632405387538306, Longitude= -71.00521123878119,  (at simulation time 80.402,800,000 s)
2023-09-25 08:46:11,205 INFO  - ,Received V2X Message from ,rsu_2, InterVehicleMsg{,30, 655,  41.632382935740885,  -71.0077086334615, Road CLOSED, }, Latitude= 41.632405387538306, Longitude= -71.00521123878119,  (at simulation time 80.503,300,000 s)
2023-09-25 08:46:11,205 INFO  - ,Received V2X Message from ,rsu_2, InterVehicleMsg{,30, 656,  41.632382935740885,  -71.0077086334615, Road CLOSED, }, Latitude= 41.632405387538306, Longitude= -71.00521123878119,  (at simulation time 80.603,800,000 s)
2023-09-25 08:46:11,205 INFO  - ,Received V2X Message from ,rsu_2, InterVehicleMsg{,30, 657,  41.632382935740885,  -71.0077086334615, Road CLOSED, }, Latitude= 41.632405387538306, Longitude= -71.00521123878119,  (at simulation time 80.702,300,000 s)
2023-09-25 08:46:11,205 INFO  - ,Received V2X Message from ,rsu_2, InterVehicleMsg{,30, 658,  41.632382935740885,  -71.0077086334615, Road CLOSED, }, Latitude= 41.632405387538306, Longitude= -71.00521123878119,  (at simulation time 80.803,300,000 s)
2023-09-25 08:46:11,206 INFO  - ,Received V2X Message from ,rsu_2, InterVehicleMsg{,30, 659,  41.632382935740885,  -71.0077086334615, Road CLOSED, }, Latitude= 41.632405387538306, Longitude= -71.00521123878119,  (at simulation time 80.904,300,000 s)
2023-09-25 08:46:11,207 INFO  - ,Received V2X Message from ,rsu_2, InterVehicleMsg{,30, 660,  41.632382935740885,  -71.0077086334615, Road CLOSED, }, Latitude= 41.632403967343116, Longitude= -71.00529389482806,  (at simulation time 81.002,300,000 s)
2023-09-25 08:46:11,207 INFO  - ,Received V2X Message from ,rsu_2, InterVehicleMsg{,30, 661,  41.632382935740885,  -71.0077086334615, Road CLOSED, }, Latitude= 41.632403967343116, Longitude= -71.00529389482806,  (at simulation time 81.102,800,000 s)
2023-09-25 08:46:11,207 INFO  - ,Received V2X Message from ,rsu_2, InterVehicleMsg{,30, 662,  41.632382935740885,  -71.0077086334615, Road CLOSED, }, Latitude= 41.632403967343116, Longitude= -71.00529389482806,  (at simulation time 81.202,300,000 s)
2023-09-25 08:46:11,207 INFO  - ,Received V2X Message from ,rsu_2, InterVehicleMsg{,30, 663,  41.632382935740885,  -71.0077086334615, Road CLOSED, }, Latitude= 41.632403967343116, Longitude= -71.00529389482806,  (at simulation time 81.303,800,000 s)
2023-09-25 08:46:11,208 INFO  - ,Received V2X Message from ,rsu_2, InterVehicleMsg{,30, 664,  41.632382935740885,  -71.0077086334615, Road CLOSED, }, Latitude= 41.632403967343116, Longitude= -71.00529389482806,  (at simulation time 81.403,300,000 s)
2023-09-25 08:46:11,208 INFO  - ,Received V2X Message from ,rsu_2, InterVehicleMsg{,30, 665,  41.632382935740885,  -71.0077086334615, Road CLOSED, }, Latitude= 41.632403967343116, Longitude= -71.00529389482806,  (at simulation time 81.501,800,000 s)
2023-09-25 08:46:11,208 INFO  - ,Received V2X Message from ,rsu_2, InterVehicleMsg{,30, 666,  41.632382935740885,  -71.0077086334615, Road CLOSED, }, Latitude= 41.632403967343116, Longitude= -71.00529389482806,  (at simulation time 81.603,800,000 s)
2023-09-25 08:46:11,208 INFO  - ,Received V2X Message from ,rsu_2, InterVehicleMsg{,30, 667,  41.632382935740885,  -71.0077086334615, Road CLOSED, }, Latitude= 41.632403967343116, Longitude= -71.00529389482806,  (at simulation time 81.703,800,000 s)
2023-09-25 08:46:11,208 INFO  - ,Received V2X Message from ,rsu_2, InterVehicleMsg{,30, 668,  41.632382935740885,  -71.0077086334615, Road CLOSED, }, Latitude= 41.632403967343116, Longitude= -71.00529389482806,  (at simulation time 81.802,300,000 s)
2023-09-25 08:46:11,209 INFO  - ,Received V2X Message from ,rsu_2, InterVehicleMsg{,30, 669,  41.632382935740885,  -71.0077086334615, Road CLOSED, }, Latitude= 41.632403967343116, Longitude= -71.00529389482806,  (at simulation time 81.902,300,000 s)
2023-09-25 08:46:11,210 INFO  - ,Received V2X Message from ,rsu_2, InterVehicleMsg{,30, 670,  41.632382935740885,  -71.0077086334615, Road CLOSED, }, Latitude= 41.632401404714486, Longitude= -71.00537174971409,  (at simulation time 82.003,800,000 s)
2023-09-25 08:46:11,210 INFO  - ,Received V2X Message from ,rsu_2, InterVehicleMsg{,30, 671,  41.632382935740885,  -71.0077086334615, Road CLOSED, }, Latitude= 41.632401404714486, Longitude= -71.00537174971409,  (at simulation time 82.103,800,000 s)
2023-09-25 08:46:11,211 INFO  - ,Received V2X Message from ,rsu_2, InterVehicleMsg{,30, 672,  41.632382935740885,  -71.0077086334615, Road CLOSED, }, Latitude= 41.632401404714486, Longitude= -71.00537174971409,  (at simulation time 82.202,300,000 s)
2023-09-25 08:46:11,211 INFO  - ,Received V2X Message from ,rsu_2, InterVehicleMsg{,30, 673,  41.632382935740885,  -71.0077086334615, Road CLOSED, }, Latitude= 41.632401404714486, Longitude= -71.00537174971409,  (at simulation time 82.302,300,000 s)
2023-09-25 08:46:11,211 INFO  - ,Received V2X Message from ,rsu_2, InterVehicleMsg{,30, 674,  41.632382935740885,  -71.0077086334615, Road CLOSED, }, Latitude= 41.632401404714486, Longitude= -71.00537174971409,  (at simulation time 82.401,800,000 s)
2023-09-25 08:46:11,211 INFO  - ,Received V2X Message from ,rsu_2, InterVehicleMsg{,30, 675,  41.632382935740885,  -71.0077086334615, Road CLOSED, }, Latitude= 41.632401404714486, Longitude= -71.00537174971409,  (at simulation time 82.503,300,000 s)
2023-09-25 08:46:11,211 INFO  - ,Received V2X Message from ,rsu_2, InterVehicleMsg{,30, 676,  41.632382935740885,  -71.0077086334615, Road CLOSED, }, Latitude= 41.632401404714486, Longitude= -71.00537174971409,  (at simulation time 82.601,800,000 s)
2023-09-25 08:46:11,212 INFO  - ,Received V2X Message from ,rsu_2, InterVehicleMsg{,30, 677,  41.632382935740885,  -71.0077086334615, Road CLOSED, }, Latitude= 41.632401404714486, Longitude= -71.00537174971409,  (at simulation time 82.704,300,000 s)
2023-09-25 08:46:11,212 INFO  - ,Received V2X Message from ,rsu_2, InterVehicleMsg{,30, 678,  41.632382935740885,  -71.0077086334615, Road CLOSED, }, Latitude= 41.632401404714486, Longitude= -71.00537174971409,  (at simulation time 82.802,300,000 s)
2023-09-25 08:46:11,212 INFO  - ,Received V2X Message from ,rsu_2, InterVehicleMsg{,30, 679,  41.632382935740885,  -71.0077086334615, Road CLOSED, }, Latitude= 41.632401404714486, Longitude= -71.00537174971409,  (at simulation time 82.902,800,000 s)
2023-09-25 08:46:11,214 INFO  - ,Received V2X Message from ,rsu_2, InterVehicleMsg{,30, 680,  41.632382935740885,  -71.0077086334615, Road CLOSED, }, Latitude= 41.63241345306357, Longitude= -71.00544915411864,  (at simulation time 83.002,800,000 s)
2023-09-25 08:46:11,214 INFO  - ,Received V2X Message from ,rsu_2, InterVehicleMsg{,30, 681,  41.632382935740885,  -71.0077086334615, Road CLOSED, }, Latitude= 41.63241345306357, Longitude= -71.00544915411864,  (at simulation time 83.102,300,000 s)
2023-09-25 08:46:11,214 INFO  - ,Received V2X Message from ,rsu_2, InterVehicleMsg{,30, 682,  41.632382935740885,  -71.0077086334615, Road CLOSED, }, Latitude= 41.63241345306357, Longitude= -71.00544915411864,  (at simulation time 83.202,800,000 s)
2023-09-25 08:46:11,214 INFO  - ,Received V2X Message from ,rsu_2, InterVehicleMsg{,30, 683,  41.632382935740885,  -71.0077086334615, Road CLOSED, }, Latitude= 41.63241345306357, Longitude= -71.00544915411864,  (at simulation time 83.304,300,000 s)
2023-09-25 08:46:11,215 INFO  - ,Received V2X Message from ,rsu_2, InterVehicleMsg{,30, 684,  41.632382935740885,  -71.0077086334615, Road CLOSED, }, Latitude= 41.63241345306357, Longitude= -71.00544915411864,  (at simulation time 83.402,300,000 s)
2023-09-25 08:46:11,215 INFO  - ,Received V2X Message from ,rsu_2, InterVehicleMsg{,30, 685,  41.632382935740885,  -71.0077086334615, Road CLOSED, }, Latitude= 41.63241345306357, Longitude= -71.00544915411864,  (at simulation time 83.502,800,000 s)
2023-09-25 08:46:11,215 INFO  - ,Received V2X Message from ,rsu_2, InterVehicleMsg{,30, 686,  41.632382935740885,  -71.0077086334615, Road CLOSED, }, Latitude= 41.63241345306357, Longitude= -71.00544915411864,  (at simulation time 83.604,300,000 s)
2023-09-25 08:46:11,216 INFO  - ,Received V2X Message from ,rsu_2, InterVehicleMsg{,30, 687,  41.632382935740885,  -71.0077086334615, Road CLOSED, }, Latitude= 41.63241345306357, Longitude= -71.00544915411864,  (at simulation time 83.701,800,000 s)
2023-09-25 08:46:11,216 INFO  - ,Received V2X Message from ,rsu_2, InterVehicleMsg{,30, 688,  41.632382935740885,  -71.0077086334615, Road CLOSED, }, Latitude= 41.63241345306357, Longitude= -71.00544915411864,  (at simulation time 83.803,300,000 s)
2023-09-25 08:46:11,216 INFO  - ,Received V2X Message from ,rsu_2, InterVehicleMsg{,30, 689,  41.632382935740885,  -71.0077086334615, Road CLOSED, }, Latitude= 41.63241345306357, Longitude= -71.00544915411864,  (at simulation time 83.902,800,000 s)
2023-09-25 08:46:11,218 INFO  - ,Received V2X Message from ,rsu_2, InterVehicleMsg{,30, 690,  41.632382935740885,  -71.0077086334615, Road CLOSED, }, Latitude= 41.63242510745254, Longitude= -71.00555061489095,  (at simulation time 84.001,300,000 s)
2023-09-25 08:46:11,218 INFO  - ,Received V2X Message from ,rsu_2, InterVehicleMsg{,30, 691,  41.632382935740885,  -71.0077086334615, Road CLOSED, }, Latitude= 41.63242510745254, Longitude= -71.00555061489095,  (at simulation time 84.102,800,000 s)
2023-09-25 08:46:11,219 INFO  - ,Received V2X Message from ,rsu_2, InterVehicleMsg{,30, 692,  41.632382935740885,  -71.0077086334615, Road CLOSED, }, Latitude= 41.63242510745254, Longitude= -71.00555061489095,  (at simulation time 84.202,800,000 s)
2023-09-25 08:46:11,219 INFO  - ,Received V2X Message from ,rsu_2, InterVehicleMsg{,30, 693,  41.632382935740885,  -71.0077086334615, Road CLOSED, }, Latitude= 41.63242510745254, Longitude= -71.00555061489095,  (at simulation time 84.301,800,000 s)
2023-09-25 08:46:11,219 INFO  - ,Received V2X Message from ,rsu_2, InterVehicleMsg{,30, 694,  41.632382935740885,  -71.0077086334615, Road CLOSED, }, Latitude= 41.63242510745254, Longitude= -71.00555061489095,  (at simulation time 84.402,300,000 s)
2023-09-25 08:46:11,219 INFO  - ,Received V2X Message from ,rsu_2, InterVehicleMsg{,30, 695,  41.632382935740885,  -71.0077086334615, Road CLOSED, }, Latitude= 41.63242510745254, Longitude= -71.00555061489095,  (at simulation time 84.502,800,000 s)
2023-09-25 08:46:11,219 INFO  - ,Received V2X Message from ,rsu_2, InterVehicleMsg{,30, 696,  41.632382935740885,  -71.0077086334615, Road CLOSED, }, Latitude= 41.63242510745254, Longitude= -71.00555061489095,  (at simulation time 84.602,300,000 s)
2023-09-25 08:46:11,220 INFO  - ,Received V2X Message from ,rsu_2, InterVehicleMsg{,30, 697,  41.632382935740885,  -71.0077086334615, Road CLOSED, }, Latitude= 41.63242510745254, Longitude= -71.00555061489095,  (at simulation time 84.702,300,000 s)
2023-09-25 08:46:11,220 INFO  - ,Received V2X Message from ,rsu_2, InterVehicleMsg{,30, 698,  41.632382935740885,  -71.0077086334615, Road CLOSED, }, Latitude= 41.63242510745254, Longitude= -71.00555061489095,  (at simulation time 84.801,300,000 s)
2023-09-25 08:46:11,220 INFO  - ,Received V2X Message from ,rsu_2, InterVehicleMsg{,30, 699,  41.632382935740885,  -71.0077086334615, Road CLOSED, }, Latitude= 41.63242510745254, Longitude= -71.00555061489095,  (at simulation time 84.902,300,000 s)
2023-09-25 08:46:11,223 INFO  - ,Received V2X Message from ,rsu_2, InterVehicleMsg{,30, 700,  41.632382935740885,  -71.0077086334615, Road CLOSED, }, Latitude= 41.63242373755469, Longitude= -71.00562910150862,  (at simulation time 85.003,800,000 s)
2023-09-25 08:46:11,223 INFO  - ,Received V2X Message from ,rsu_2, InterVehicleMsg{,30, 701,  41.632382935740885,  -71.0077086334615, Road CLOSED, }, Latitude= 41.63242373755469, Longitude= -71.00562910150862,  (at simulation time 85.102,300,000 s)
2023-09-25 08:46:11,224 INFO  - ,Received V2X Message from ,rsu_2, InterVehicleMsg{,30, 702,  41.632382935740885,  -71.0077086334615, Road CLOSED, }, Latitude= 41.63242373755469, Longitude= -71.00562910150862,  (at simulation time 85.203,300,000 s)
2023-09-25 08:46:11,224 INFO  - ,Received V2X Message from ,rsu_2, InterVehicleMsg{,30, 703,  41.632382935740885,  -71.0077086334615, Road CLOSED, }, Latitude= 41.63242373755469, Longitude= -71.00562910150862,  (at simulation time 85.304,300,000 s)
2023-09-25 08:46:11,224 INFO  - ,Received V2X Message from ,rsu_2, InterVehicleMsg{,30, 704,  41.632382935740885,  -71.0077086334615, Road CLOSED, }, Latitude= 41.63242373755469, Longitude= -71.00562910150862,  (at simulation time 85.401,800,000 s)
2023-09-25 08:46:11,224 INFO  - ,Received V2X Message from ,rsu_2, InterVehicleMsg{,30, 705,  41.632382935740885,  -71.0077086334615, Road CLOSED, }, Latitude= 41.63242373755469, Longitude= -71.00562910150862,  (at simulation time 85.502,300,000 s)
2023-09-25 08:46:11,224 INFO  - ,Received V2X Message from ,rsu_2, InterVehicleMsg{,30, 706,  41.632382935740885,  -71.0077086334615, Road CLOSED, }, Latitude= 41.63242373755469, Longitude= -71.00562910150862,  (at simulation time 85.600,800,000 s)
2023-09-25 08:46:11,225 INFO  - ,Received V2X Message from ,rsu_2, InterVehicleMsg{,30, 707,  41.632382935740885,  -71.0077086334615, Road CLOSED, }, Latitude= 41.63242373755469, Longitude= -71.00562910150862,  (at simulation time 85.703,800,000 s)
2023-09-25 08:46:11,225 INFO  - ,Received V2X Message from ,rsu_2, InterVehicleMsg{,30, 708,  41.632382935740885,  -71.0077086334615, Road CLOSED, }, Latitude= 41.63242373755469, Longitude= -71.00562910150862,  (at simulation time 85.802,300,000 s)
2023-09-25 08:46:11,225 INFO  - ,Received V2X Message from ,rsu_2, InterVehicleMsg{,30, 709,  41.632382935740885,  -71.0077086334615, Road CLOSED, }, Latitude= 41.63242373755469, Longitude= -71.00562910150862,  (at simulation time 85.902,800,000 s)
2023-09-25 08:46:11,226 INFO  - ,Received V2X Message from ,rsu_2, InterVehicleMsg{,30, 710,  41.632382935740885,  -71.0077086334615, Road CLOSED, }, Latitude= 41.63239266055225, Longitude= -71.00568928789548,  (at simulation time 86.002,300,000 s)
2023-09-25 08:46:11,226 INFO  - ,Received V2X Message from ,rsu_2, InterVehicleMsg{,30, 711,  41.632382935740885,  -71.0077086334615, Road CLOSED, }, Latitude= 41.63239266055225, Longitude= -71.00568928789548,  (at simulation time 86.104,300,000 s)
2023-09-25 08:46:11,226 INFO  - ,Received V2X Message from ,rsu_2, InterVehicleMsg{,30, 712,  41.632382935740885,  -71.0077086334615, Road CLOSED, }, Latitude= 41.63239266055225, Longitude= -71.00568928789548,  (at simulation time 86.202,300,000 s)
2023-09-25 08:46:11,226 INFO  - ,Received V2X Message from ,rsu_2, InterVehicleMsg{,30, 713,  41.632382935740885,  -71.0077086334615, Road CLOSED, }, Latitude= 41.63239266055225, Longitude= -71.00568928789548,  (at simulation time 86.301,300,000 s)
2023-09-25 08:46:11,226 INFO  - ,Received V2X Message from ,rsu_2, InterVehicleMsg{,30, 714,  41.632382935740885,  -71.0077086334615, Road CLOSED, }, Latitude= 41.63239266055225, Longitude= -71.00568928789548,  (at simulation time 86.404,300,000 s)
2023-09-25 08:46:11,227 INFO  - ,Received V2X Message from ,rsu_2, InterVehicleMsg{,30, 715,  41.632382935740885,  -71.0077086334615, Road CLOSED, }, Latitude= 41.63239266055225, Longitude= -71.00568928789548,  (at simulation time 86.502,300,000 s)
2023-09-25 08:46:11,227 INFO  - ,Received V2X Message from ,rsu_2, InterVehicleMsg{,30, 716,  41.632382935740885,  -71.0077086334615, Road CLOSED, }, Latitude= 41.63239266055225, Longitude= -71.00568928789548,  (at simulation time 86.602,800,000 s)
2023-09-25 08:46:11,227 INFO  - ,Received V2X Message from ,rsu_2, InterVehicleMsg{,30, 717,  41.632382935740885,  -71.0077086334615, Road CLOSED, }, Latitude= 41.63239266055225, Longitude= -71.00568928789548,  (at simulation time 86.703,300,000 s)
2023-09-25 08:46:11,227 INFO  - ,Received V2X Message from ,rsu_2, InterVehicleMsg{,30, 718,  41.632382935740885,  -71.0077086334615, Road CLOSED, }, Latitude= 41.63239266055225, Longitude= -71.00568928789548,  (at simulation time 86.803,800,000 s)
2023-09-25 08:46:11,227 INFO  - ,Received V2X Message from ,rsu_2, InterVehicleMsg{,30, 719,  41.632382935740885,  -71.0077086334615, Road CLOSED, }, Latitude= 41.63239266055225, Longitude= -71.00568928789548,  (at simulation time 86.903,800,000 s)
2023-09-25 08:46:11,229 INFO  - ,Received V2X Message from ,rsu_2, InterVehicleMsg{,30, 720,  41.632382935740885,  -71.0077086334615, Road CLOSED, }, Latitude= 41.63238800900679, Longitude= -71.00577128399662,  (at simulation time 87.004,800,000 s)
2023-09-25 08:46:11,229 INFO  - ,Received V2X Message from ,rsu_2, InterVehicleMsg{,30, 721,  41.632382935740885,  -71.0077086334615, Road CLOSED, }, Latitude= 41.63238800900679, Longitude= -71.00577128399662,  (at simulation time 87.101,300,000 s)
2023-09-25 08:46:11,229 INFO  - ,Received V2X Message from ,rsu_2, InterVehicleMsg{,30, 722,  41.632382935740885,  -71.0077086334615, Road CLOSED, }, Latitude= 41.63238800900679, Longitude= -71.00577128399662,  (at simulation time 87.203,300,000 s)
2023-09-25 08:46:11,230 INFO  - ,Received V2X Message from ,rsu_2, InterVehicleMsg{,30, 723,  41.632382935740885,  -71.0077086334615, Road CLOSED, }, Latitude= 41.63238800900679, Longitude= -71.00577128399662,  (at simulation time 87.301,300,000 s)
2023-09-25 08:46:11,230 INFO  - ,Received V2X Message from ,rsu_2, InterVehicleMsg{,30, 724,  41.632382935740885,  -71.0077086334615, Road CLOSED, }, Latitude= 41.63238800900679, Longitude= -71.00577128399662,  (at simulation time 87.402,800,000 s)
2023-09-25 08:46:11,230 INFO  - ,Received V2X Message from ,rsu_2, InterVehicleMsg{,30, 725,  41.632382935740885,  -71.0077086334615, Road CLOSED, }, Latitude= 41.63238800900679, Longitude= -71.00577128399662,  (at simulation time 87.503,800,000 s)
2023-09-25 08:46:11,230 INFO  - ,Received V2X Message from ,rsu_2, InterVehicleMsg{,30, 726,  41.632382935740885,  -71.0077086334615, Road CLOSED, }, Latitude= 41.63238800900679, Longitude= -71.00577128399662,  (at simulation time 87.601,800,000 s)
2023-09-25 08:46:11,231 INFO  - ,Received V2X Message from ,rsu_2, InterVehicleMsg{,30, 727,  41.632382935740885,  -71.0077086334615, Road CLOSED, }, Latitude= 41.63238800900679, Longitude= -71.00577128399662,  (at simulation time 87.700,800,000 s)
2023-09-25 08:46:11,231 INFO  - ,Received V2X Message from ,rsu_2, InterVehicleMsg{,30, 728,  41.632382935740885,  -71.0077086334615, Road CLOSED, }, Latitude= 41.63238800900679, Longitude= -71.00577128399662,  (at simulation time 87.802,300,000 s)
2023-09-25 08:46:11,232 INFO  - ,Received V2X Message from ,rsu_2, InterVehicleMsg{,30, 729,  41.632382935740885,  -71.0077086334615, Road CLOSED, }, Latitude= 41.63238800900679, Longitude= -71.00577128399662,  (at simulation time 87.903,800,000 s)
2023-09-25 08:46:11,234 INFO  - ,Received V2X Message from ,rsu_2, InterVehicleMsg{,30, 730,  41.632382935740885,  -71.0077086334615, Road CLOSED, }, Latitude= 41.632383206552966, Longitude= -71.00585593917437,  (at simulation time 88.002,800,000 s)
2023-09-25 08:46:11,234 INFO  - ,Received V2X Message from ,rsu_2, InterVehicleMsg{,30, 731,  41.632382935740885,  -71.0077086334615, Road CLOSED, }, Latitude= 41.632383206552966, Longitude= -71.00585593917437,  (at simulation time 88.101,800,000 s)
2023-09-25 08:46:11,234 INFO  - ,Received V2X Message from ,rsu_2, InterVehicleMsg{,30, 732,  41.632382935740885,  -71.0077086334615, Road CLOSED, }, Latitude= 41.632383206552966, Longitude= -71.00585593917437,  (at simulation time 88.202,800,000 s)
2023-09-25 08:46:11,235 INFO  - ,Received V2X Message from ,rsu_2, InterVehicleMsg{,30, 733,  41.632382935740885,  -71.0077086334615, Road CLOSED, }, Latitude= 41.632383206552966, Longitude= -71.00585593917437,  (at simulation time 88.302,300,000 s)
2023-09-25 08:46:11,235 INFO  - ,Received V2X Message from ,rsu_2, InterVehicleMsg{,30, 734,  41.632382935740885,  -71.0077086334615, Road CLOSED, }, Latitude= 41.632383206552966, Longitude= -71.00585593917437,  (at simulation time 88.402,800,000 s)
2023-09-25 08:46:11,235 INFO  - ,Received V2X Message from ,rsu_2, InterVehicleMsg{,30, 735,  41.632382935740885,  -71.0077086334615, Road CLOSED, }, Latitude= 41.632383206552966, Longitude= -71.00585593917437,  (at simulation time 88.502,800,000 s)
2023-09-25 08:46:11,235 INFO  - ,Received V2X Message from ,rsu_2, InterVehicleMsg{,30, 736,  41.632382935740885,  -71.0077086334615, Road CLOSED, }, Latitude= 41.632383206552966, Longitude= -71.00585593917437,  (at simulation time 88.602,300,000 s)
2023-09-25 08:46:11,235 INFO  - ,Received V2X Message from ,rsu_2, InterVehicleMsg{,30, 737,  41.632382935740885,  -71.0077086334615, Road CLOSED, }, Latitude= 41.632383206552966, Longitude= -71.00585593917437,  (at simulation time 88.703,300,000 s)
2023-09-25 08:46:11,236 INFO  - ,Received V2X Message from ,rsu_2, InterVehicleMsg{,30, 738,  41.632382935740885,  -71.0077086334615, Road CLOSED, }, Latitude= 41.632383206552966, Longitude= -71.00585593917437,  (at simulation time 88.802,800,000 s)
2023-09-25 08:46:11,236 INFO  - ,Received V2X Message from ,rsu_2, InterVehicleMsg{,30, 739,  41.632382935740885,  -71.0077086334615, Road CLOSED, }, Latitude= 41.632383206552966, Longitude= -71.00585593917437,  (at simulation time 88.902,300,000 s)
2023-09-25 08:46:11,237 INFO  - ,Received V2X Message from ,rsu_2, InterVehicleMsg{,30, 740,  41.632382935740885,  -71.0077086334615, Road CLOSED, }, Latitude= 41.63237919837848, Longitude= -71.0059265923561,  (at simulation time 89.004,300,000 s)
2023-09-25 08:46:11,238 INFO  - ,Received V2X Message from ,rsu_2, InterVehicleMsg{,30, 741,  41.632382935740885,  -71.0077086334615, Road CLOSED, }, Latitude= 41.63237919837848, Longitude= -71.0059265923561,  (at simulation time 89.102,800,000 s)
2023-09-25 08:46:11,238 INFO  - ,Received V2X Message from ,rsu_2, InterVehicleMsg{,30, 742,  41.632382935740885,  -71.0077086334615, Road CLOSED, }, Latitude= 41.63237919837848, Longitude= -71.0059265923561,  (at simulation time 89.201,300,000 s)
2023-09-25 08:46:11,239 INFO  - ,Received V2X Message from ,rsu_2, InterVehicleMsg{,30, 743,  41.632382935740885,  -71.0077086334615, Road CLOSED, }, Latitude= 41.63237919837848, Longitude= -71.0059265923561,  (at simulation time 89.303,300,000 s)
2023-09-25 08:46:11,239 INFO  - ,Received V2X Message from ,rsu_2, InterVehicleMsg{,30, 744,  41.632382935740885,  -71.0077086334615, Road CLOSED, }, Latitude= 41.63237919837848, Longitude= -71.0059265923561,  (at simulation time 89.402,300,000 s)
2023-09-25 08:46:11,239 INFO  - ,Received V2X Message from ,rsu_2, InterVehicleMsg{,30, 745,  41.632382935740885,  -71.0077086334615, Road CLOSED, }, Latitude= 41.63237919837848, Longitude= -71.0059265923561,  (at simulation time 89.504,300,000 s)
2023-09-25 08:46:11,239 INFO  - ,Received V2X Message from ,rsu_2, InterVehicleMsg{,30, 746,  41.632382935740885,  -71.0077086334615, Road CLOSED, }, Latitude= 41.63237919837848, Longitude= -71.0059265923561,  (at simulation time 89.601,300,000 s)
2023-09-25 08:46:11,239 INFO  - ,Received V2X Message from ,rsu_2, InterVehicleMsg{,30, 747,  41.632382935740885,  -71.0077086334615, Road CLOSED, }, Latitude= 41.63237919837848, Longitude= -71.0059265923561,  (at simulation time 89.703,300,000 s)
2023-09-25 08:46:11,240 INFO  - ,Received V2X Message from ,rsu_2, InterVehicleMsg{,30, 748,  41.632382935740885,  -71.0077086334615, Road CLOSED, }, Latitude= 41.63237919837848, Longitude= -71.0059265923561,  (at simulation time 89.800,800,000 s)
2023-09-25 08:46:11,240 INFO  - ,Received V2X Message from ,rsu_2, InterVehicleMsg{,30, 749,  41.632382935740885,  -71.0077086334615, Road CLOSED, }, Latitude= 41.63237919837848, Longitude= -71.0059265923561,  (at simulation time 89.903,300,000 s)
2023-09-25 08:46:11,242 INFO  - ,Received V2X Message from ,rsu_2, InterVehicleMsg{,30, 750,  41.632382935740885,  -71.0077086334615, Road CLOSED, }, Latitude= 41.63237489576754, Longitude= -71.00600243478911,  (at simulation time 90.003,800,000 s)
2023-09-25 08:46:11,242 INFO  - ,Received V2X Message from ,rsu_2, InterVehicleMsg{,30, 751,  41.632382935740885,  -71.0077086334615, Road CLOSED, }, Latitude= 41.63237489576754, Longitude= -71.00600243478911,  (at simulation time 90.103,300,000 s)
2023-09-25 08:46:11,243 INFO  - ,Received V2X Message from ,rsu_2, InterVehicleMsg{,30, 752,  41.632382935740885,  -71.0077086334615, Road CLOSED, }, Latitude= 41.63237489576754, Longitude= -71.00600243478911,  (at simulation time 90.202,800,000 s)
2023-09-25 08:46:11,243 INFO  - ,Received V2X Message from ,rsu_2, InterVehicleMsg{,30, 753,  41.632382935740885,  -71.0077086334615, Road CLOSED, }, Latitude= 41.63237489576754, Longitude= -71.00600243478911,  (at simulation time 90.301,300,000 s)
2023-09-25 08:46:11,243 INFO  - ,Received V2X Message from ,rsu_2, InterVehicleMsg{,30, 754,  41.632382935740885,  -71.0077086334615, Road CLOSED, }, Latitude= 41.63237489576754, Longitude= -71.00600243478911,  (at simulation time 90.403,300,000 s)
2023-09-25 08:46:11,243 INFO  - ,Received V2X Message from ,rsu_2, InterVehicleMsg{,30, 755,  41.632382935740885,  -71.0077086334615, Road CLOSED, }, Latitude= 41.63237489576754, Longitude= -71.00600243478911,  (at simulation time 90.503,800,000 s)
2023-09-25 08:46:11,243 INFO  - ,Received V2X Message from ,rsu_2, InterVehicleMsg{,30, 756,  41.632382935740885,  -71.0077086334615, Road CLOSED, }, Latitude= 41.63237489576754, Longitude= -71.00600243478911,  (at simulation time 90.603,800,000 s)
2023-09-25 08:46:11,244 INFO  - ,Received V2X Message from ,rsu_2, InterVehicleMsg{,30, 757,  41.632382935740885,  -71.0077086334615, Road CLOSED, }, Latitude= 41.63237489576754, Longitude= -71.00600243478911,  (at simulation time 90.702,800,000 s)
2023-09-25 08:46:11,244 INFO  - ,Received V2X Message from ,rsu_2, InterVehicleMsg{,30, 758,  41.632382935740885,  -71.0077086334615, Road CLOSED, }, Latitude= 41.63237489576754, Longitude= -71.00600243478911,  (at simulation time 90.803,300,000 s)
2023-09-25 08:46:11,244 INFO  - ,Received V2X Message from ,rsu_2, InterVehicleMsg{,30, 759,  41.632382935740885,  -71.0077086334615, Road CLOSED, }, Latitude= 41.63237489576754, Longitude= -71.00600243478911,  (at simulation time 90.903,800,000 s)
2023-09-25 08:46:11,246 INFO  - ,Received V2X Message from ,rsu_2, InterVehicleMsg{,30, 760,  41.632382935740885,  -71.0077086334615, Road CLOSED, }, Latitude= 41.6323716944472, Longitude= -71.0060588641153,  (at simulation time 91.000,800,000 s)
2023-09-25 08:46:11,246 INFO  - ,Received V2X Message from ,rsu_2, InterVehicleMsg{,30, 761,  41.632382935740885,  -71.0077086334615, Road CLOSED, }, Latitude= 41.6323716944472, Longitude= -71.0060588641153,  (at simulation time 91.103,800,000 s)
2023-09-25 08:46:11,247 INFO  - ,Received V2X Message from ,rsu_2, InterVehicleMsg{,30, 762,  41.632382935740885,  -71.0077086334615, Road CLOSED, }, Latitude= 41.6323716944472, Longitude= -71.0060588641153,  (at simulation time 91.202,300,000 s)
2023-09-25 08:46:11,247 INFO  - ,Received V2X Message from ,rsu_2, InterVehicleMsg{,30, 763,  41.632382935740885,  -71.0077086334615, Road CLOSED, }, Latitude= 41.6323716944472, Longitude= -71.0060588641153,  (at simulation time 91.302,300,000 s)
2023-09-25 08:46:11,247 INFO  - ,Received V2X Message from ,rsu_2, InterVehicleMsg{,30, 764,  41.632382935740885,  -71.0077086334615, Road CLOSED, }, Latitude= 41.6323716944472, Longitude= -71.0060588641153,  (at simulation time 91.402,800,000 s)
2023-09-25 08:46:11,247 INFO  - ,Received V2X Message from ,rsu_2, InterVehicleMsg{,30, 765,  41.632382935740885,  -71.0077086334615, Road CLOSED, }, Latitude= 41.6323716944472, Longitude= -71.0060588641153,  (at simulation time 91.502,800,000 s)
2023-09-25 08:46:11,248 INFO  - ,Received V2X Message from ,rsu_2, InterVehicleMsg{,30, 766,  41.632382935740885,  -71.0077086334615, Road CLOSED, }, Latitude= 41.6323716944472, Longitude= -71.0060588641153,  (at simulation time 91.603,800,000 s)
2023-09-25 08:46:11,248 INFO  - ,Received V2X Message from ,rsu_2, InterVehicleMsg{,30, 767,  41.632382935740885,  -71.0077086334615, Road CLOSED, }, Latitude= 41.6323716944472, Longitude= -71.0060588641153,  (at simulation time 91.702,800,000 s)
2023-09-25 08:46:11,249 INFO  - ,Received V2X Message from ,rsu_2, InterVehicleMsg{,30, 768,  41.632382935740885,  -71.0077086334615, Road CLOSED, }, Latitude= 41.6323716944472, Longitude= -71.0060588641153,  (at simulation time 91.804,300,000 s)
2023-09-25 08:46:11,249 INFO  - ,Received V2X Message from ,rsu_2, InterVehicleMsg{,30, 769,  41.632382935740885,  -71.0077086334615, Road CLOSED, }, Latitude= 41.6323716944472, Longitude= -71.0060588641153,  (at simulation time 91.903,300,000 s)
2023-09-25 08:46:11,251 INFO  - ,Received V2X Message from ,rsu_2, InterVehicleMsg{,30, 770,  41.632382935740885,  -71.0077086334615, Road CLOSED, }, Latitude= 41.63237090350366, Longitude= -71.00611288515147,  (at simulation time 92.003,300,000 s)
2023-09-25 08:46:11,251 INFO  - ,Received V2X Message from ,rsu_2, InterVehicleMsg{,30, 771,  41.632382935740885,  -71.0077086334615, Road CLOSED, }, Latitude= 41.63237090350366, Longitude= -71.00611288515147,  (at simulation time 92.104,300,000 s)
2023-09-25 08:46:11,252 INFO  - ,Received V2X Message from ,rsu_2, InterVehicleMsg{,30, 772,  41.632382935740885,  -71.0077086334615, Road CLOSED, }, Latitude= 41.63237090350366, Longitude= -71.00611288515147,  (at simulation time 92.203,800,000 s)
2023-09-25 08:46:11,252 INFO  - ,Received V2X Message from ,rsu_2, InterVehicleMsg{,30, 773,  41.632382935740885,  -71.0077086334615, Road CLOSED, }, Latitude= 41.63237090350366, Longitude= -71.00611288515147,  (at simulation time 92.301,300,000 s)
2023-09-25 08:46:11,252 INFO  - ,Received V2X Message from ,rsu_2, InterVehicleMsg{,30, 774,  41.632382935740885,  -71.0077086334615, Road CLOSED, }, Latitude= 41.63237090350366, Longitude= -71.00611288515147,  (at simulation time 92.403,800,000 s)
2023-09-25 08:46:11,252 INFO  - ,Received V2X Message from ,rsu_2, InterVehicleMsg{,30, 775,  41.632382935740885,  -71.0077086334615, Road CLOSED, }, Latitude= 41.63237090350366, Longitude= -71.00611288515147,  (at simulation time 92.502,300,000 s)
2023-09-25 08:46:11,252 INFO  - ,Received V2X Message from ,rsu_2, InterVehicleMsg{,30, 776,  41.632382935740885,  -71.0077086334615, Road CLOSED, }, Latitude= 41.63237090350366, Longitude= -71.00611288515147,  (at simulation time 92.604,300,000 s)
2023-09-25 08:46:11,252 INFO  - ,Received V2X Message from ,rsu_2, InterVehicleMsg{,30, 777,  41.632382935740885,  -71.0077086334615, Road CLOSED, }, Latitude= 41.63237090350366, Longitude= -71.00611288515147,  (at simulation time 92.704,300,000 s)
2023-09-25 08:46:11,253 INFO  - ,Received V2X Message from ,rsu_2, InterVehicleMsg{,30, 778,  41.632382935740885,  -71.0077086334615, Road CLOSED, }, Latitude= 41.63237090350366, Longitude= -71.00611288515147,  (at simulation time 92.802,300,000 s)
2023-09-25 08:46:11,253 INFO  - ,Received V2X Message from ,rsu_2, InterVehicleMsg{,30, 779,  41.632382935740885,  -71.0077086334615, Road CLOSED, }, Latitude= 41.63237090350366, Longitude= -71.00611288515147,  (at simulation time 92.903,800,000 s)
2023-09-25 08:46:11,254 INFO  - ,Received V2X Message from ,rsu_2, InterVehicleMsg{,30, 780,  41.632382935740885,  -71.0077086334615, Road CLOSED, }, Latitude= 41.6323741254733, Longitude= -71.00615568811193,  (at simulation time 93.001,800,000 s)
2023-09-25 08:46:11,255 INFO  - ,Received V2X Message from ,rsu_2, InterVehicleMsg{,30, 781,  41.632382935740885,  -71.0077086334615, Road CLOSED, }, Latitude= 41.6323741254733, Longitude= -71.00615568811193,  (at simulation time 93.104,300,000 s)
2023-09-25 08:46:11,255 INFO  - ,Received V2X Message from ,rsu_2, InterVehicleMsg{,30, 782,  41.632382935740885,  -71.0077086334615, Road CLOSED, }, Latitude= 41.6323741254733, Longitude= -71.00615568811193,  (at simulation time 93.201,300,000 s)
2023-09-25 08:46:11,255 INFO  - ,Received V2X Message from ,rsu_2, InterVehicleMsg{,30, 783,  41.632382935740885,  -71.0077086334615, Road CLOSED, }, Latitude= 41.6323741254733, Longitude= -71.00615568811193,  (at simulation time 93.303,800,000 s)
2023-09-25 08:46:11,255 INFO  - ,Received V2X Message from ,rsu_2, InterVehicleMsg{,30, 784,  41.632382935740885,  -71.0077086334615, Road CLOSED, }, Latitude= 41.6323741254733, Longitude= -71.00615568811193,  (at simulation time 93.403,800,000 s)
2023-09-25 08:46:11,255 INFO  - ,Received V2X Message from ,rsu_2, InterVehicleMsg{,30, 785,  41.632382935740885,  -71.0077086334615, Road CLOSED, }, Latitude= 41.6323741254733, Longitude= -71.00615568811193,  (at simulation time 93.501,800,000 s)
2023-09-25 08:46:11,256 INFO  - ,Received V2X Message from ,rsu_2, InterVehicleMsg{,30, 786,  41.632382935740885,  -71.0077086334615, Road CLOSED, }, Latitude= 41.6323741254733, Longitude= -71.00615568811193,  (at simulation time 93.602,300,000 s)
2023-09-25 08:46:11,256 INFO  - ,Received V2X Message from ,rsu_2, InterVehicleMsg{,30, 787,  41.632382935740885,  -71.0077086334615, Road CLOSED, }, Latitude= 41.6323741254733, Longitude= -71.00615568811193,  (at simulation time 93.702,800,000 s)
2023-09-25 08:46:11,256 INFO  - ,Received V2X Message from ,rsu_2, InterVehicleMsg{,30, 788,  41.632382935740885,  -71.0077086334615, Road CLOSED, }, Latitude= 41.6323741254733, Longitude= -71.00615568811193,  (at simulation time 93.804,800,000 s)
2023-09-25 08:46:11,256 INFO  - ,Received V2X Message from ,rsu_2, InterVehicleMsg{,30, 789,  41.632382935740885,  -71.0077086334615, Road CLOSED, }, Latitude= 41.6323741254733, Longitude= -71.00615568811193,  (at simulation time 93.902,300,000 s)
2023-09-25 08:46:11,258 INFO  - ,Received V2X Message from ,rsu_2, InterVehicleMsg{,30, 790,  41.632382935740885,  -71.0077086334615, Road CLOSED, }, Latitude= 41.63237871534046, Longitude= -71.00618547733498,  (at simulation time 94.003,300,000 s)
2023-09-25 08:46:11,258 INFO  - ,Received V2X Message from ,rsu_2, InterVehicleMsg{,30, 791,  41.632382935740885,  -71.0077086334615, Road CLOSED, }, Latitude= 41.63237871534046, Longitude= -71.00618547733498,  (at simulation time 94.103,300,000 s)
2023-09-25 08:46:11,258 INFO  - ,Received V2X Message from ,rsu_2, InterVehicleMsg{,30, 792,  41.632382935740885,  -71.0077086334615, Road CLOSED, }, Latitude= 41.63237871534046, Longitude= -71.00618547733498,  (at simulation time 94.202,300,000 s)
2023-09-25 08:46:11,259 INFO  - ,Received V2X Message from ,rsu_2, InterVehicleMsg{,30, 793,  41.632382935740885,  -71.0077086334615, Road CLOSED, }, Latitude= 41.63237871534046, Longitude= -71.00618547733498,  (at simulation time 94.302,800,000 s)
2023-09-25 08:46:11,259 INFO  - ,Received V2X Message from ,rsu_2, InterVehicleMsg{,30, 794,  41.632382935740885,  -71.0077086334615, Road CLOSED, }, Latitude= 41.63237871534046, Longitude= -71.00618547733498,  (at simulation time 94.404,300,000 s)
2023-09-25 08:46:11,259 INFO  - ,Received V2X Message from ,rsu_2, InterVehicleMsg{,30, 795,  41.632382935740885,  -71.0077086334615, Road CLOSED, }, Latitude= 41.63237871534046, Longitude= -71.00618547733498,  (at simulation time 94.502,800,000 s)
2023-09-25 08:46:11,259 INFO  - ,Received V2X Message from ,rsu_2, InterVehicleMsg{,30, 796,  41.632382935740885,  -71.0077086334615, Road CLOSED, }, Latitude= 41.63237871534046, Longitude= -71.00618547733498,  (at simulation time 94.602,300,000 s)
2023-09-25 08:46:11,260 INFO  - ,Received V2X Message from ,rsu_2, InterVehicleMsg{,30, 797,  41.632382935740885,  -71.0077086334615, Road CLOSED, }, Latitude= 41.63237871534046, Longitude= -71.00618547733498,  (at simulation time 94.702,800,000 s)
2023-09-25 08:46:11,260 INFO  - ,Received V2X Message from ,rsu_2, InterVehicleMsg{,30, 798,  41.632382935740885,  -71.0077086334615, Road CLOSED, }, Latitude= 41.63237871534046, Longitude= -71.00618547733498,  (at simulation time 94.803,800,000 s)
2023-09-25 08:46:11,260 INFO  - ,Received V2X Message from ,rsu_2, InterVehicleMsg{,30, 799,  41.632382935740885,  -71.0077086334615, Road CLOSED, }, Latitude= 41.63237871534046, Longitude= -71.00618547733498,  (at simulation time 94.903,800,000 s)
2023-09-25 08:46:11,263 INFO  - ,Received V2X Message from ,rsu_2, InterVehicleMsg{,30, 800,  41.632382935740885,  -71.0077086334615, Road CLOSED, }, Latitude= 41.63239310336202, Longitude= -71.00624124539475,  (at simulation time 95.002,800,000 s)
2023-09-25 08:46:11,263 INFO  - ,Received V2X Message from ,rsu_2, InterVehicleMsg{,30, 801,  41.632382935740885,  -71.0077086334615, Road CLOSED, }, Latitude= 41.63239310336202, Longitude= -71.00624124539475,  (at simulation time 95.101,800,000 s)
2023-09-25 08:46:11,263 INFO  - ,Received V2X Message from ,rsu_2, InterVehicleMsg{,30, 802,  41.632382935740885,  -71.0077086334615, Road CLOSED, }, Latitude= 41.63239310336202, Longitude= -71.00624124539475,  (at simulation time 95.202,800,000 s)
2023-09-25 08:46:11,263 INFO  - ,Received V2X Message from ,rsu_2, InterVehicleMsg{,30, 803,  41.632382935740885,  -71.0077086334615, Road CLOSED, }, Latitude= 41.63239310336202, Longitude= -71.00624124539475,  (at simulation time 95.304,800,000 s)
2023-09-25 08:46:11,263 INFO  - ,Received V2X Message from ,rsu_2, InterVehicleMsg{,30, 804,  41.632382935740885,  -71.0077086334615, Road CLOSED, }, Latitude= 41.63239310336202, Longitude= -71.00624124539475,  (at simulation time 95.401,300,000 s)
2023-09-25 08:46:11,264 INFO  - ,Received V2X Message from ,rsu_2, InterVehicleMsg{,30, 805,  41.632382935740885,  -71.0077086334615, Road CLOSED, }, Latitude= 41.63239310336202, Longitude= -71.00624124539475,  (at simulation time 95.504,300,000 s)
2023-09-25 08:46:11,264 INFO  - ,Received V2X Message from ,rsu_2, InterVehicleMsg{,30, 806,  41.632382935740885,  -71.0077086334615, Road CLOSED, }, Latitude= 41.63239310336202, Longitude= -71.00624124539475,  (at simulation time 95.601,800,000 s)
2023-09-25 08:46:11,264 INFO  - ,Received V2X Message from ,rsu_2, InterVehicleMsg{,30, 807,  41.632382935740885,  -71.0077086334615, Road CLOSED, }, Latitude= 41.63239310336202, Longitude= -71.00624124539475,  (at simulation time 95.703,300,000 s)
2023-09-25 08:46:11,264 INFO  - ,Received V2X Message from ,rsu_2, InterVehicleMsg{,30, 808,  41.632382935740885,  -71.0077086334615, Road CLOSED, }, Latitude= 41.63239310336202, Longitude= -71.00624124539475,  (at simulation time 95.802,300,000 s)
2023-09-25 08:46:11,265 INFO  - ,Received V2X Message from ,rsu_2, InterVehicleMsg{,30, 809,  41.632382935740885,  -71.0077086334615, Road CLOSED, }, Latitude= 41.63239310336202, Longitude= -71.00624124539475,  (at simulation time 95.904,300,000 s)
2023-09-25 08:46:11,267 INFO  - ,Received V2X Message from ,rsu_2, InterVehicleMsg{,30, 810,  41.632382935740885,  -71.0077086334615, Road CLOSED, }, Latitude= 41.6324105426838, Longitude= -71.00628654368164,  (at simulation time 96.003,300,000 s)
2023-09-25 08:46:11,267 INFO  - ,Received V2X Message from ,rsu_2, InterVehicleMsg{,30, 811,  41.632382935740885,  -71.0077086334615, Road CLOSED, }, Latitude= 41.6324105426838, Longitude= -71.00628654368164,  (at simulation time 96.102,800,000 s)
2023-09-25 08:46:11,267 INFO  - ,Received V2X Message from ,rsu_2, InterVehicleMsg{,30, 812,  41.632382935740885,  -71.0077086334615, Road CLOSED, }, Latitude= 41.6324105426838, Longitude= -71.00628654368164,  (at simulation time 96.203,300,000 s)
2023-09-25 08:46:11,268 INFO  - ,Received V2X Message from ,rsu_2, InterVehicleMsg{,30, 813,  41.632382935740885,  -71.0077086334615, Road CLOSED, }, Latitude= 41.6324105426838, Longitude= -71.00628654368164,  (at simulation time 96.301,300,000 s)
2023-09-25 08:46:11,268 INFO  - ,Received V2X Message from ,rsu_2, InterVehicleMsg{,30, 814,  41.632382935740885,  -71.0077086334615, Road CLOSED, }, Latitude= 41.6324105426838, Longitude= -71.00628654368164,  (at simulation time 96.401,300,000 s)
2023-09-25 08:46:11,268 INFO  - ,Received V2X Message from ,rsu_2, InterVehicleMsg{,30, 815,  41.632382935740885,  -71.0077086334615, Road CLOSED, }, Latitude= 41.6324105426838, Longitude= -71.00628654368164,  (at simulation time 96.502,800,000 s)
2023-09-25 08:46:11,268 INFO  - ,Received V2X Message from ,rsu_2, InterVehicleMsg{,30, 816,  41.632382935740885,  -71.0077086334615, Road CLOSED, }, Latitude= 41.6324105426838, Longitude= -71.00628654368164,  (at simulation time 96.602,800,000 s)
2023-09-25 08:46:11,268 INFO  - ,Received V2X Message from ,rsu_2, InterVehicleMsg{,30, 817,  41.632382935740885,  -71.0077086334615, Road CLOSED, }, Latitude= 41.6324105426838, Longitude= -71.00628654368164,  (at simulation time 96.701,300,000 s)
2023-09-25 08:46:11,269 INFO  - ,Received V2X Message from ,rsu_2, InterVehicleMsg{,30, 818,  41.632382935740885,  -71.0077086334615, Road CLOSED, }, Latitude= 41.6324105426838, Longitude= -71.00628654368164,  (at simulation time 96.804,800,000 s)
2023-09-25 08:46:11,269 INFO  - ,Received V2X Message from ,rsu_2, InterVehicleMsg{,30, 819,  41.632382935740885,  -71.0077086334615, Road CLOSED, }, Latitude= 41.6324105426838, Longitude= -71.00628654368164,  (at simulation time 96.901,300,000 s)
2023-09-25 08:46:11,270 INFO  - ,Received V2X Message from ,rsu_2, InterVehicleMsg{,30, 820,  41.632382935740885,  -71.0077086334615, Road CLOSED, }, Latitude= 41.63243588950403, Longitude= -71.00633247183579,  (at simulation time 97.003,300,000 s)
2023-09-25 08:46:11,270 INFO  - ,Received V2X Message from ,rsu_2, InterVehicleMsg{,30, 821,  41.632382935740885,  -71.0077086334615, Road CLOSED, }, Latitude= 41.63243588950403, Longitude= -71.00633247183579,  (at simulation time 97.102,800,000 s)
2023-09-25 08:46:11,271 INFO  - ,Received V2X Message from ,rsu_2, InterVehicleMsg{,30, 822,  41.632382935740885,  -71.0077086334615, Road CLOSED, }, Latitude= 41.63243588950403, Longitude= -71.00633247183579,  (at simulation time 97.201,800,000 s)
2023-09-25 08:46:11,271 INFO  - ,Received V2X Message from ,rsu_2, InterVehicleMsg{,30, 823,  41.632382935740885,  -71.0077086334615, Road CLOSED, }, Latitude= 41.63243588950403, Longitude= -71.00633247183579,  (at simulation time 97.302,300,000 s)
2023-09-25 08:46:11,271 INFO  - ,Received V2X Message from ,rsu_2, InterVehicleMsg{,30, 824,  41.632382935740885,  -71.0077086334615, Road CLOSED, }, Latitude= 41.63243588950403, Longitude= -71.00633247183579,  (at simulation time 97.403,300,000 s)
2023-09-25 08:46:11,271 INFO  - ,Received V2X Message from ,rsu_2, InterVehicleMsg{,30, 825,  41.632382935740885,  -71.0077086334615, Road CLOSED, }, Latitude= 41.63243588950403, Longitude= -71.00633247183579,  (at simulation time 97.503,300,000 s)
2023-09-25 08:46:11,271 INFO  - ,Received V2X Message from ,rsu_2, InterVehicleMsg{,30, 826,  41.632382935740885,  -71.0077086334615, Road CLOSED, }, Latitude= 41.63243588950403, Longitude= -71.00633247183579,  (at simulation time 97.601,300,000 s)
2023-09-25 08:46:11,272 INFO  - ,Received V2X Message from ,rsu_2, InterVehicleMsg{,30, 827,  41.632382935740885,  -71.0077086334615, Road CLOSED, }, Latitude= 41.63243588950403, Longitude= -71.00633247183579,  (at simulation time 97.703,300,000 s)
2023-09-25 08:46:11,272 INFO  - ,Received V2X Message from ,rsu_2, InterVehicleMsg{,30, 828,  41.632382935740885,  -71.0077086334615, Road CLOSED, }, Latitude= 41.63243588950403, Longitude= -71.00633247183579,  (at simulation time 97.804,300,000 s)
2023-09-25 08:46:11,272 INFO  - ,Received V2X Message from ,rsu_2, InterVehicleMsg{,30, 829,  41.632382935740885,  -71.0077086334615, Road CLOSED, }, Latitude= 41.63243588950403, Longitude= -71.00633247183579,  (at simulation time 97.904,300,000 s)
2023-09-25 08:46:11,273 INFO  - ,Received V2X Message from ,rsu_2, InterVehicleMsg{,30, 830,  41.632382935740885,  -71.0077086334615, Road CLOSED, }, Latitude= 41.63246037945742, Longitude= -71.00636614159308,  (at simulation time 98.003,300,000 s)
2023-09-25 08:46:11,274 INFO  - ,Received V2X Message from ,rsu_2, InterVehicleMsg{,30, 831,  41.632382935740885,  -71.0077086334615, Road CLOSED, }, Latitude= 41.63246037945742, Longitude= -71.00636614159308,  (at simulation time 98.102,300,000 s)
2023-09-25 08:46:11,274 INFO  - ,Received V2X Message from ,rsu_2, InterVehicleMsg{,30, 832,  41.632382935740885,  -71.0077086334615, Road CLOSED, }, Latitude= 41.63246037945742, Longitude= -71.00636614159308,  (at simulation time 98.202,300,000 s)
2023-09-25 08:46:11,274 INFO  - ,Received V2X Message from ,rsu_2, InterVehicleMsg{,30, 833,  41.632382935740885,  -71.0077086334615, Road CLOSED, }, Latitude= 41.63246037945742, Longitude= -71.00636614159308,  (at simulation time 98.301,800,000 s)
2023-09-25 08:46:11,274 INFO  - ,Received V2X Message from ,rsu_2, InterVehicleMsg{,30, 834,  41.632382935740885,  -71.0077086334615, Road CLOSED, }, Latitude= 41.63246037945742, Longitude= -71.00636614159308,  (at simulation time 98.402,800,000 s)
2023-09-25 08:46:11,274 INFO  - ,Received V2X Message from ,rsu_2, InterVehicleMsg{,30, 835,  41.632382935740885,  -71.0077086334615, Road CLOSED, }, Latitude= 41.63246037945742, Longitude= -71.00636614159308,  (at simulation time 98.501,800,000 s)
2023-09-25 08:46:11,275 INFO  - ,Received V2X Message from ,rsu_2, InterVehicleMsg{,30, 836,  41.632382935740885,  -71.0077086334615, Road CLOSED, }, Latitude= 41.63246037945742, Longitude= -71.00636614159308,  (at simulation time 98.602,300,000 s)
2023-09-25 08:46:11,275 INFO  - ,Received V2X Message from ,rsu_2, InterVehicleMsg{,30, 837,  41.632382935740885,  -71.0077086334615, Road CLOSED, }, Latitude= 41.63246037945742, Longitude= -71.00636614159308,  (at simulation time 98.703,300,000 s)
2023-09-25 08:46:11,275 INFO  - ,Received V2X Message from ,rsu_2, InterVehicleMsg{,30, 838,  41.632382935740885,  -71.0077086334615, Road CLOSED, }, Latitude= 41.63246037945742, Longitude= -71.00636614159308,  (at simulation time 98.802,800,000 s)
2023-09-25 08:46:11,275 INFO  - ,Received V2X Message from ,rsu_2, InterVehicleMsg{,30, 839,  41.632382935740885,  -71.0077086334615, Road CLOSED, }, Latitude= 41.63246037945742, Longitude= -71.00636614159308,  (at simulation time 98.903,300,000 s)
2023-09-25 08:46:11,277 INFO  - ,Received V2X Message from ,rsu_2, InterVehicleMsg{,30, 840,  41.632382935740885,  -71.0077086334615, Road CLOSED, }, Latitude= 41.63249636574159, Longitude= -71.00640166069009,  (at simulation time 99.004,300,000 s)
2023-09-25 08:46:11,277 INFO  - ,Received V2X Message from ,rsu_2, InterVehicleMsg{,30, 841,  41.632382935740885,  -71.0077086334615, Road CLOSED, }, Latitude= 41.63249636574159, Longitude= -71.00640166069009,  (at simulation time 99.103,300,000 s)
2023-09-25 08:46:11,277 INFO  - ,Received V2X Message from ,rsu_2, InterVehicleMsg{,30, 842,  41.632382935740885,  -71.0077086334615, Road CLOSED, }, Latitude= 41.63249636574159, Longitude= -71.00640166069009,  (at simulation time 99.204,300,000 s)
2023-09-25 08:46:11,277 INFO  - ,Received V2X Message from ,rsu_2, InterVehicleMsg{,30, 843,  41.632382935740885,  -71.0077086334615, Road CLOSED, }, Latitude= 41.63249636574159, Longitude= -71.00640166069009,  (at simulation time 99.302,800,000 s)
2023-09-25 08:46:11,278 INFO  - ,Received V2X Message from ,rsu_2, InterVehicleMsg{,30, 844,  41.632382935740885,  -71.0077086334615, Road CLOSED, }, Latitude= 41.63249636574159, Longitude= -71.00640166069009,  (at simulation time 99.402,800,000 s)
2023-09-25 08:46:11,278 INFO  - ,Received V2X Message from ,rsu_2, InterVehicleMsg{,30, 845,  41.632382935740885,  -71.0077086334615, Road CLOSED, }, Latitude= 41.63249636574159, Longitude= -71.00640166069009,  (at simulation time 99.502,300,000 s)
2023-09-25 08:46:11,278 INFO  - ,Received V2X Message from ,rsu_2, InterVehicleMsg{,30, 846,  41.632382935740885,  -71.0077086334615, Road CLOSED, }, Latitude= 41.63249636574159, Longitude= -71.00640166069009,  (at simulation time 99.604,300,000 s)
2023-09-25 08:46:11,278 INFO  - ,Received V2X Message from ,rsu_2, InterVehicleMsg{,30, 847,  41.632382935740885,  -71.0077086334615, Road CLOSED, }, Latitude= 41.63249636574159, Longitude= -71.00640166069009,  (at simulation time 99.701,800,000 s)
2023-09-25 08:46:11,278 INFO  - ,Received V2X Message from ,rsu_2, InterVehicleMsg{,30, 848,  41.632382935740885,  -71.0077086334615, Road CLOSED, }, Latitude= 41.63249636574159, Longitude= -71.00640166069009,  (at simulation time 99.803,300,000 s)
2023-09-25 08:46:11,279 INFO  - ,Received V2X Message from ,rsu_2, InterVehicleMsg{,30, 849,  41.632382935740885,  -71.0077086334615, Road CLOSED, }, Latitude= 41.63249636574159, Longitude= -71.00640166069009,  (at simulation time 99.903,800,000 s)
2023-09-25 08:46:11,281 INFO  - ,Received V2X Message from ,rsu_2, InterVehicleMsg{,30, 850,  41.632382935740885,  -71.0077086334615, Road CLOSED, }, Latitude= 41.632533488363634, Longitude= -71.00642869034708,  (at simulation time 100.002,800,000 s)
2023-09-25 08:46:11,281 INFO  - ,Received V2X Message from ,rsu_2, InterVehicleMsg{,30, 851,  41.632382935740885,  -71.0077086334615, Road CLOSED, }, Latitude= 41.632533488363634, Longitude= -71.00642869034708,  (at simulation time 100.102,800,000 s)
2023-09-25 08:46:11,282 INFO  - ,Received V2X Message from ,rsu_2, InterVehicleMsg{,30, 852,  41.632382935740885,  -71.0077086334615, Road CLOSED, }, Latitude= 41.632533488363634, Longitude= -71.00642869034708,  (at simulation time 100.204,300,000 s)
2023-09-25 08:46:11,282 INFO  - ,Received V2X Message from ,rsu_2, InterVehicleMsg{,30, 853,  41.632382935740885,  -71.0077086334615, Road CLOSED, }, Latitude= 41.632533488363634, Longitude= -71.00642869034708,  (at simulation time 100.302,800,000 s)
2023-09-25 08:46:11,283 INFO  - ,Received V2X Message from ,rsu_2, InterVehicleMsg{,30, 854,  41.632382935740885,  -71.0077086334615, Road CLOSED, }, Latitude= 41.632533488363634, Longitude= -71.00642869034708,  (at simulation time 100.402,300,000 s)
2023-09-25 08:46:11,283 INFO  - ,Received V2X Message from ,rsu_2, InterVehicleMsg{,30, 855,  41.632382935740885,  -71.0077086334615, Road CLOSED, }, Latitude= 41.632533488363634, Longitude= -71.00642869034708,  (at simulation time 100.502,300,000 s)
2023-09-25 08:46:11,283 INFO  - ,Received V2X Message from ,rsu_2, InterVehicleMsg{,30, 856,  41.632382935740885,  -71.0077086334615, Road CLOSED, }, Latitude= 41.632533488363634, Longitude= -71.00642869034708,  (at simulation time 100.602,300,000 s)
2023-09-25 08:46:11,284 INFO  - ,Received V2X Message from ,rsu_2, InterVehicleMsg{,30, 857,  41.632382935740885,  -71.0077086334615, Road CLOSED, }, Latitude= 41.632533488363634, Longitude= -71.00642869034708,  (at simulation time 100.701,800,000 s)
2023-09-25 08:46:11,284 INFO  - ,Received V2X Message from ,rsu_2, InterVehicleMsg{,30, 858,  41.632382935740885,  -71.0077086334615, Road CLOSED, }, Latitude= 41.632533488363634, Longitude= -71.00642869034708,  (at simulation time 100.803,300,000 s)
2023-09-25 08:46:11,284 INFO  - ,Received V2X Message from ,rsu_2, InterVehicleMsg{,30, 859,  41.632382935740885,  -71.0077086334615, Road CLOSED, }, Latitude= 41.632533488363634, Longitude= -71.00642869034708,  (at simulation time 100.902,300,000 s)
2023-09-25 08:46:11,287 INFO  - ,Received V2X Message from ,rsu_2, InterVehicleMsg{,30, 860,  41.632382935740885,  -71.0077086334615, Road CLOSED, }, Latitude= 41.63256997895805, Longitude= -71.00645046464038,  (at simulation time 101.001,300,000 s)
2023-09-25 08:46:11,288 INFO  - ,Received V2X Message from ,rsu_2, InterVehicleMsg{,30, 861,  41.632382935740885,  -71.0077086334615, Road CLOSED, }, Latitude= 41.63256997895805, Longitude= -71.00645046464038,  (at simulation time 101.101,800,000 s)
2023-09-25 08:46:11,288 INFO  - ,Received V2X Message from ,rsu_2, InterVehicleMsg{,30, 862,  41.632382935740885,  -71.0077086334615, Road CLOSED, }, Latitude= 41.63256997895805, Longitude= -71.00645046464038,  (at simulation time 101.202,800,000 s)
2023-09-25 08:46:11,289 INFO  - ,Received V2X Message from ,rsu_2, InterVehicleMsg{,30, 863,  41.632382935740885,  -71.0077086334615, Road CLOSED, }, Latitude= 41.63256997895805, Longitude= -71.00645046464038,  (at simulation time 101.302,800,000 s)
2023-09-25 08:46:11,289 INFO  - ,Received V2X Message from ,rsu_2, InterVehicleMsg{,30, 864,  41.632382935740885,  -71.0077086334615, Road CLOSED, }, Latitude= 41.63256997895805, Longitude= -71.00645046464038,  (at simulation time 101.400,800,000 s)
2023-09-25 08:46:11,289 INFO  - ,Received V2X Message from ,rsu_2, InterVehicleMsg{,30, 865,  41.632382935740885,  -71.0077086334615, Road CLOSED, }, Latitude= 41.63256997895805, Longitude= -71.00645046464038,  (at simulation time 101.500,800,000 s)
2023-09-25 08:46:11,290 INFO  - ,Received V2X Message from ,rsu_2, InterVehicleMsg{,30, 866,  41.632382935740885,  -71.0077086334615, Road CLOSED, }, Latitude= 41.63256997895805, Longitude= -71.00645046464038,  (at simulation time 101.602,800,000 s)
2023-09-25 08:46:11,290 INFO  - ,Received V2X Message from ,rsu_2, InterVehicleMsg{,30, 867,  41.632382935740885,  -71.0077086334615, Road CLOSED, }, Latitude= 41.63256997895805, Longitude= -71.00645046464038,  (at simulation time 101.702,300,000 s)
2023-09-25 08:46:11,290 INFO  - ,Received V2X Message from ,rsu_2, InterVehicleMsg{,30, 868,  41.632382935740885,  -71.0077086334615, Road CLOSED, }, Latitude= 41.63256997895805, Longitude= -71.00645046464038,  (at simulation time 101.801,300,000 s)
2023-09-25 08:46:11,291 INFO  - ,Received V2X Message from ,rsu_2, InterVehicleMsg{,30, 869,  41.632382935740885,  -71.0077086334615, Road CLOSED, }, Latitude= 41.63256997895805, Longitude= -71.00645046464038,  (at simulation time 101.904,300,000 s)
2023-09-25 08:46:11,293 INFO  - ,Received V2X Message from ,rsu_2, InterVehicleMsg{,30, 870,  41.632382935740885,  -71.0077086334615, Road CLOSED, }, Latitude= 41.632612286406655, Longitude= -71.0064726887255,  (at simulation time 102.003,300,000 s)
2023-09-25 08:46:11,293 INFO  - ,Received V2X Message from ,rsu_2, InterVehicleMsg{,30, 871,  41.632382935740885,  -71.0077086334615, Road CLOSED, }, Latitude= 41.632612286406655, Longitude= -71.0064726887255,  (at simulation time 102.103,300,000 s)
2023-09-25 08:46:11,293 INFO  - ,Received V2X Message from ,rsu_2, InterVehicleMsg{,30, 872,  41.632382935740885,  -71.0077086334615, Road CLOSED, }, Latitude= 41.632612286406655, Longitude= -71.0064726887255,  (at simulation time 102.204,300,000 s)
2023-09-25 08:46:11,293 INFO  - ,Received V2X Message from ,rsu_2, InterVehicleMsg{,30, 873,  41.632382935740885,  -71.0077086334615, Road CLOSED, }, Latitude= 41.632612286406655, Longitude= -71.0064726887255,  (at simulation time 102.302,800,000 s)
2023-09-25 08:46:11,293 INFO  - ,Received V2X Message from ,rsu_2, InterVehicleMsg{,30, 874,  41.632382935740885,  -71.0077086334615, Road CLOSED, }, Latitude= 41.632612286406655, Longitude= -71.0064726887255,  (at simulation time 102.402,800,000 s)
2023-09-25 08:46:11,294 INFO  - ,Received V2X Message from ,rsu_2, InterVehicleMsg{,30, 875,  41.632382935740885,  -71.0077086334615, Road CLOSED, }, Latitude= 41.632612286406655, Longitude= -71.0064726887255,  (at simulation time 102.501,800,000 s)
2023-09-25 08:46:11,294 INFO  - ,Received V2X Message from ,rsu_2, InterVehicleMsg{,30, 876,  41.632382935740885,  -71.0077086334615, Road CLOSED, }, Latitude= 41.632612286406655, Longitude= -71.0064726887255,  (at simulation time 102.603,300,000 s)
2023-09-25 08:46:11,294 INFO  - ,Received V2X Message from ,rsu_2, InterVehicleMsg{,30, 877,  41.632382935740885,  -71.0077086334615, Road CLOSED, }, Latitude= 41.632612286406655, Longitude= -71.0064726887255,  (at simulation time 102.701,800,000 s)
2023-09-25 08:46:11,294 INFO  - ,Received V2X Message from ,rsu_2, InterVehicleMsg{,30, 878,  41.632382935740885,  -71.0077086334615, Road CLOSED, }, Latitude= 41.632612286406655, Longitude= -71.0064726887255,  (at simulation time 102.802,800,000 s)
2023-09-25 08:46:11,294 INFO  - ,Received V2X Message from ,rsu_2, InterVehicleMsg{,30, 879,  41.632382935740885,  -71.0077086334615, Road CLOSED, }, Latitude= 41.632612286406655, Longitude= -71.0064726887255,  (at simulation time 102.902,800,000 s)
2023-09-25 08:46:11,296 INFO  - ,Received V2X Message from ,rsu_2, InterVehicleMsg{,30, 880,  41.632382935740885,  -71.0077086334615, Road CLOSED, }, Latitude= 41.632629420617, Longitude= -71.00648168932835,  (at simulation time 103.002,300,000 s)
2023-09-25 08:46:11,296 INFO  - ,Received V2X Message from ,rsu_2, InterVehicleMsg{,30, 881,  41.632382935740885,  -71.0077086334615, Road CLOSED, }, Latitude= 41.632629420617, Longitude= -71.00648168932835,  (at simulation time 103.103,300,000 s)
2023-09-25 08:46:11,297 INFO  - ,Received V2X Message from ,rsu_2, InterVehicleMsg{,30, 882,  41.632382935740885,  -71.0077086334615, Road CLOSED, }, Latitude= 41.632629420617, Longitude= -71.00648168932835,  (at simulation time 103.202,300,000 s)
2023-09-25 08:46:11,297 INFO  - ,Received V2X Message from ,rsu_2, InterVehicleMsg{,30, 883,  41.632382935740885,  -71.0077086334615, Road CLOSED, }, Latitude= 41.632629420617, Longitude= -71.00648168932835,  (at simulation time 103.303,300,000 s)
2023-09-25 08:46:11,297 INFO  - ,Received V2X Message from ,rsu_2, InterVehicleMsg{,30, 884,  41.632382935740885,  -71.0077086334615, Road CLOSED, }, Latitude= 41.632629420617, Longitude= -71.00648168932835,  (at simulation time 103.401,300,000 s)
2023-09-25 08:46:11,297 INFO  - ,Received V2X Message from ,rsu_2, InterVehicleMsg{,30, 885,  41.632382935740885,  -71.0077086334615, Road CLOSED, }, Latitude= 41.632629420617, Longitude= -71.00648168932835,  (at simulation time 103.504,300,000 s)
2023-09-25 08:46:11,297 INFO  - ,Received V2X Message from ,rsu_2, InterVehicleMsg{,30, 886,  41.632382935740885,  -71.0077086334615, Road CLOSED, }, Latitude= 41.632629420617, Longitude= -71.00648168932835,  (at simulation time 103.602,800,000 s)
2023-09-25 08:46:11,298 INFO  - ,Received V2X Message from ,rsu_2, InterVehicleMsg{,30, 887,  41.632382935740885,  -71.0077086334615, Road CLOSED, }, Latitude= 41.632629420617, Longitude= -71.00648168932835,  (at simulation time 103.702,300,000 s)
2023-09-25 08:46:11,298 INFO  - ,Received V2X Message from ,rsu_2, InterVehicleMsg{,30, 888,  41.632382935740885,  -71.0077086334615, Road CLOSED, }, Latitude= 41.632629420617, Longitude= -71.00648168932835,  (at simulation time 103.801,300,000 s)
2023-09-25 08:46:11,299 INFO  - ,Received V2X Message from ,rsu_2, InterVehicleMsg{,30, 889,  41.632382935740885,  -71.0077086334615, Road CLOSED, }, Latitude= 41.632629420617, Longitude= -71.00648168932835,  (at simulation time 103.901,300,000 s)
2023-09-25 08:46:11,301 INFO  - ,Received V2X Message from ,rsu_2, InterVehicleMsg{,30, 890,  41.632382935740885,  -71.0077086334615, Road CLOSED, }, Latitude= 41.63266123987938, Longitude= -71.00649840400519,  (at simulation time 104.003,800,000 s)
2023-09-25 08:46:11,301 INFO  - ,Received V2X Message from ,rsu_2, InterVehicleMsg{,30, 891,  41.632382935740885,  -71.0077086334615, Road CLOSED, }, Latitude= 41.63266123987938, Longitude= -71.00649840400519,  (at simulation time 104.101,800,000 s)
2023-09-25 08:46:11,301 INFO  - ,Received V2X Message from ,rsu_2, InterVehicleMsg{,30, 892,  41.632382935740885,  -71.0077086334615, Road CLOSED, }, Latitude= 41.63266123987938, Longitude= -71.00649840400519,  (at simulation time 104.202,800,000 s)
2023-09-25 08:46:11,301 INFO  - ,Received V2X Message from ,rsu_2, InterVehicleMsg{,30, 893,  41.632382935740885,  -71.0077086334615, Road CLOSED, }, Latitude= 41.63266123987938, Longitude= -71.00649840400519,  (at simulation time 104.304,300,000 s)
2023-09-25 08:46:11,301 INFO  - ,Received V2X Message from ,rsu_2, InterVehicleMsg{,30, 894,  41.632382935740885,  -71.0077086334615, Road CLOSED, }, Latitude= 41.63266123987938, Longitude= -71.00649840400519,  (at simulation time 104.403,300,000 s)
2023-09-25 08:46:11,301 INFO  - ,Received V2X Message from ,rsu_2, InterVehicleMsg{,30, 895,  41.632382935740885,  -71.0077086334615, Road CLOSED, }, Latitude= 41.63266123987938, Longitude= -71.00649840400519,  (at simulation time 104.503,800,000 s)
2023-09-25 08:46:11,302 INFO  - ,Received V2X Message from ,rsu_2, InterVehicleMsg{,30, 896,  41.632382935740885,  -71.0077086334615, Road CLOSED, }, Latitude= 41.63266123987938, Longitude= -71.00649840400519,  (at simulation time 104.603,800,000 s)
2023-09-25 08:46:11,302 INFO  - ,Received V2X Message from ,rsu_2, InterVehicleMsg{,30, 897,  41.632382935740885,  -71.0077086334615, Road CLOSED, }, Latitude= 41.63266123987938, Longitude= -71.00649840400519,  (at simulation time 104.703,800,000 s)
2023-09-25 08:46:11,302 INFO  - ,Received V2X Message from ,rsu_2, InterVehicleMsg{,30, 898,  41.632382935740885,  -71.0077086334615, Road CLOSED, }, Latitude= 41.63266123987938, Longitude= -71.00649840400519,  (at simulation time 104.802,800,000 s)
2023-09-25 08:46:11,302 INFO  - ,Received V2X Message from ,rsu_2, InterVehicleMsg{,30, 899,  41.632382935740885,  -71.0077086334615, Road CLOSED, }, Latitude= 41.63266123987938, Longitude= -71.00649840400519,  (at simulation time 104.902,300,000 s)
2023-09-25 08:46:11,304 INFO  - ,Received V2X Message from ,rsu_2, InterVehicleMsg{,30, 900,  41.632382935740885,  -71.0077086334615, Road CLOSED, }, Latitude= 41.632699350833946, Longitude= -71.00651842373591,  (at simulation time 105.002,800,000 s)
2023-09-25 08:46:11,304 INFO  - ,Received V2X Message from ,rsu_2, InterVehicleMsg{,30, 901,  41.632382935740885,  -71.0077086334615, Road CLOSED, }, Latitude= 41.632699350833946, Longitude= -71.00651842373591,  (at simulation time 105.103,300,000 s)
2023-09-25 08:46:11,304 INFO  - ,Received V2X Message from ,rsu_2, InterVehicleMsg{,30, 902,  41.632382935740885,  -71.0077086334615, Road CLOSED, }, Latitude= 41.632699350833946, Longitude= -71.00651842373591,  (at simulation time 105.202,800,000 s)
2023-09-25 08:46:11,304 INFO  - ,Received V2X Message from ,rsu_2, InterVehicleMsg{,30, 903,  41.632382935740885,  -71.0077086334615, Road CLOSED, }, Latitude= 41.632699350833946, Longitude= -71.00651842373591,  (at simulation time 105.302,800,000 s)
2023-09-25 08:46:11,305 INFO  - ,Received V2X Message from ,rsu_2, InterVehicleMsg{,30, 904,  41.632382935740885,  -71.0077086334615, Road CLOSED, }, Latitude= 41.632699350833946, Longitude= -71.00651842373591,  (at simulation time 105.402,800,000 s)
2023-09-25 08:46:11,305 INFO  - ,Received V2X Message from ,rsu_2, InterVehicleMsg{,30, 905,  41.632382935740885,  -71.0077086334615, Road CLOSED, }, Latitude= 41.632699350833946, Longitude= -71.00651842373591,  (at simulation time 105.503,300,000 s)
2023-09-25 08:46:11,305 INFO  - ,Received V2X Message from ,rsu_2, InterVehicleMsg{,30, 906,  41.632382935740885,  -71.0077086334615, Road CLOSED, }, Latitude= 41.632699350833946, Longitude= -71.00651842373591,  (at simulation time 105.603,300,000 s)
2023-09-25 08:46:11,305 INFO  - ,Received V2X Message from ,rsu_2, InterVehicleMsg{,30, 907,  41.632382935740885,  -71.0077086334615, Road CLOSED, }, Latitude= 41.632699350833946, Longitude= -71.00651842373591,  (at simulation time 105.700,800,000 s)
2023-09-25 08:46:11,305 INFO  - ,Received V2X Message from ,rsu_2, InterVehicleMsg{,30, 908,  41.632382935740885,  -71.0077086334615, Road CLOSED, }, Latitude= 41.632699350833946, Longitude= -71.00651842373591,  (at simulation time 105.802,800,000 s)
2023-09-25 08:46:11,306 INFO  - ,Received V2X Message from ,rsu_2, InterVehicleMsg{,30, 909,  41.632382935740885,  -71.0077086334615, Road CLOSED, }, Latitude= 41.632699350833946, Longitude= -71.00651842373591,  (at simulation time 105.901,800,000 s)
2023-09-25 08:46:11,308 INFO  - ,Received V2X Message from ,rsu_2, InterVehicleMsg{,30, 910,  41.632382935740885,  -71.0077086334615, Road CLOSED, }, Latitude= 41.63273977028617, Longitude= -71.00654846896846,  (at simulation time 106.001,300,000 s)
2023-09-25 08:46:11,309 INFO  - ,Received V2X Message from ,rsu_2, InterVehicleMsg{,30, 911,  41.632382935740885,  -71.0077086334615, Road CLOSED, }, Latitude= 41.63273977028617, Longitude= -71.00654846896846,  (at simulation time 106.102,800,000 s)
2023-09-25 08:46:11,310 INFO  - ,Received V2X Message from ,rsu_2, InterVehicleMsg{,30, 912,  41.632382935740885,  -71.0077086334615, Road CLOSED, }, Latitude= 41.63273977028617, Longitude= -71.00654846896846,  (at simulation time 106.204,300,000 s)
2023-09-25 08:46:11,310 INFO  - ,Received V2X Message from ,rsu_2, InterVehicleMsg{,30, 913,  41.632382935740885,  -71.0077086334615, Road CLOSED, }, Latitude= 41.63273977028617, Longitude= -71.00654846896846,  (at simulation time 106.302,800,000 s)
2023-09-25 08:46:11,311 INFO  - ,Received V2X Message from ,rsu_2, InterVehicleMsg{,30, 914,  41.632382935740885,  -71.0077086334615, Road CLOSED, }, Latitude= 41.63273977028617, Longitude= -71.00654846896846,  (at simulation time 106.403,300,000 s)
2023-09-25 08:46:11,311 INFO  - ,Received V2X Message from ,rsu_2, InterVehicleMsg{,30, 915,  41.632382935740885,  -71.0077086334615, Road CLOSED, }, Latitude= 41.63273977028617, Longitude= -71.00654846896846,  (at simulation time 106.502,800,000 s)
2023-09-25 08:46:11,311 INFO  - ,Received V2X Message from ,rsu_2, InterVehicleMsg{,30, 916,  41.632382935740885,  -71.0077086334615, Road CLOSED, }, Latitude= 41.63273977028617, Longitude= -71.00654846896846,  (at simulation time 106.602,800,000 s)
2023-09-25 08:46:11,311 INFO  - ,Received V2X Message from ,rsu_2, InterVehicleMsg{,30, 917,  41.632382935740885,  -71.0077086334615, Road CLOSED, }, Latitude= 41.63273977028617, Longitude= -71.00654846896846,  (at simulation time 106.701,800,000 s)
2023-09-25 08:46:11,312 INFO  - ,Received V2X Message from ,rsu_2, InterVehicleMsg{,30, 918,  41.632382935740885,  -71.0077086334615, Road CLOSED, }, Latitude= 41.63273977028617, Longitude= -71.00654846896846,  (at simulation time 106.801,800,000 s)
2023-09-25 08:46:11,312 INFO  - ,Received V2X Message from ,rsu_2, InterVehicleMsg{,30, 919,  41.632382935740885,  -71.0077086334615, Road CLOSED, }, Latitude= 41.63273977028617, Longitude= -71.00654846896846,  (at simulation time 106.901,300,000 s)
2023-09-25 08:46:11,315 INFO  - ,Received V2X Message from ,rsu_2, InterVehicleMsg{,30, 920,  41.632382935740885,  -71.0077086334615, Road CLOSED, }, Latitude= 41.63274028027432, Longitude= -71.00660439565,  (at simulation time 107.002,800,000 s)
2023-09-25 08:46:11,316 INFO  - ,Received V2X Message from ,rsu_2, InterVehicleMsg{,30, 921,  41.632382935740885,  -71.0077086334615, Road CLOSED, }, Latitude= 41.63274028027432, Longitude= -71.00660439565,  (at simulation time 107.103,300,000 s)
2023-09-25 08:46:11,316 INFO  - ,Received V2X Message from ,rsu_2, InterVehicleMsg{,30, 922,  41.632382935740885,  -71.0077086334615, Road CLOSED, }, Latitude= 41.63274028027432, Longitude= -71.00660439565,  (at simulation time 107.202,300,000 s)
2023-09-25 08:46:11,317 INFO  - ,Received V2X Message from ,rsu_2, InterVehicleMsg{,30, 923,  41.632382935740885,  -71.0077086334615, Road CLOSED, }, Latitude= 41.63274028027432, Longitude= -71.00660439565,  (at simulation time 107.301,300,000 s)
2023-09-25 08:46:11,317 INFO  - ,Received V2X Message from ,rsu_2, InterVehicleMsg{,30, 924,  41.632382935740885,  -71.0077086334615, Road CLOSED, }, Latitude= 41.63274028027432, Longitude= -71.00660439565,  (at simulation time 107.400,800,000 s)
2023-09-25 08:46:11,317 INFO  - ,Received V2X Message from ,rsu_2, InterVehicleMsg{,30, 925,  41.632382935740885,  -71.0077086334615, Road CLOSED, }, Latitude= 41.63274028027432, Longitude= -71.00660439565,  (at simulation time 107.502,800,000 s)
2023-09-25 08:46:11,318 INFO  - ,Received V2X Message from ,rsu_2, InterVehicleMsg{,30, 926,  41.632382935740885,  -71.0077086334615, Road CLOSED, }, Latitude= 41.63274028027432, Longitude= -71.00660439565,  (at simulation time 107.603,800,000 s)
2023-09-25 08:46:11,318 INFO  - ,Received V2X Message from ,rsu_2, InterVehicleMsg{,30, 927,  41.632382935740885,  -71.0077086334615, Road CLOSED, }, Latitude= 41.63274028027432, Longitude= -71.00660439565,  (at simulation time 107.701,800,000 s)
2023-09-25 08:46:11,318 INFO  - ,Received V2X Message from ,rsu_2, InterVehicleMsg{,30, 928,  41.632382935740885,  -71.0077086334615, Road CLOSED, }, Latitude= 41.63274028027432, Longitude= -71.00660439565,  (at simulation time 107.803,300,000 s)
2023-09-25 08:46:11,318 INFO  - ,Received V2X Message from ,rsu_2, InterVehicleMsg{,30, 929,  41.632382935740885,  -71.0077086334615, Road CLOSED, }, Latitude= 41.63274028027432, Longitude= -71.00660439565,  (at simulation time 107.903,800,000 s)
2023-09-25 08:46:11,321 INFO  - ,Received V2X Message from ,rsu_2, InterVehicleMsg{,30, 930,  41.632382935740885,  -71.0077086334615, Road CLOSED, }, Latitude= 41.63270921513916, Longitude= -71.00667332234586,  (at simulation time 108.002,800,000 s)
2023-09-25 08:46:11,321 INFO  - ,Received V2X Message from ,rsu_2, InterVehicleMsg{,30, 931,  41.632382935740885,  -71.0077086334615, Road CLOSED, }, Latitude= 41.63270921513916, Longitude= -71.00667332234586,  (at simulation time 108.101,300,000 s)
2023-09-25 08:46:11,322 INFO  - ,Received V2X Message from ,rsu_2, InterVehicleMsg{,30, 932,  41.632382935740885,  -71.0077086334615, Road CLOSED, }, Latitude= 41.63270921513916, Longitude= -71.00667332234586,  (at simulation time 108.203,800,000 s)
2023-09-25 08:46:11,322 INFO  - ,Received V2X Message from ,rsu_2, InterVehicleMsg{,30, 933,  41.632382935740885,  -71.0077086334615, Road CLOSED, }, Latitude= 41.63270921513916, Longitude= -71.00667332234586,  (at simulation time 108.301,300,000 s)
2023-09-25 08:46:11,322 INFO  - ,Received V2X Message from ,rsu_2, InterVehicleMsg{,30, 934,  41.632382935740885,  -71.0077086334615, Road CLOSED, }, Latitude= 41.63270921513916, Longitude= -71.00667332234586,  (at simulation time 108.402,800,000 s)
2023-09-25 08:46:11,322 INFO  - ,Received V2X Message from ,rsu_2, InterVehicleMsg{,30, 935,  41.632382935740885,  -71.0077086334615, Road CLOSED, }, Latitude= 41.63270921513916, Longitude= -71.00667332234586,  (at simulation time 108.501,800,000 s)
2023-09-25 08:46:11,322 INFO  - ,Received V2X Message from ,rsu_2, InterVehicleMsg{,30, 936,  41.632382935740885,  -71.0077086334615, Road CLOSED, }, Latitude= 41.63270921513916, Longitude= -71.00667332234586,  (at simulation time 108.602,800,000 s)
2023-09-25 08:46:11,323 INFO  - ,Received V2X Message from ,rsu_2, InterVehicleMsg{,30, 937,  41.632382935740885,  -71.0077086334615, Road CLOSED, }, Latitude= 41.63270921513916, Longitude= -71.00667332234586,  (at simulation time 108.703,800,000 s)
2023-09-25 08:46:11,323 INFO  - ,Received V2X Message from ,rsu_2, InterVehicleMsg{,30, 938,  41.632382935740885,  -71.0077086334615, Road CLOSED, }, Latitude= 41.63270921513916, Longitude= -71.00667332234586,  (at simulation time 108.803,800,000 s)
2023-09-25 08:46:11,323 INFO  - ,Received V2X Message from ,rsu_2, InterVehicleMsg{,30, 939,  41.632382935740885,  -71.0077086334615, Road CLOSED, }, Latitude= 41.63270921513916, Longitude= -71.00667332234586,  (at simulation time 108.902,800,000 s)
2023-09-25 08:46:11,324 INFO  - ,Received V2X Message from ,rsu_2, InterVehicleMsg{,30, 940,  41.632382935740885,  -71.0077086334615, Road CLOSED, }, Latitude= 41.63267241341616, Longitude= -71.00675497706511,  (at simulation time 109.003,800,000 s)
2023-09-25 08:46:11,325 INFO  - ,Received V2X Message from ,rsu_2, InterVehicleMsg{,30, 941,  41.632382935740885,  -71.0077086334615, Road CLOSED, }, Latitude= 41.63267241341616, Longitude= -71.00675497706511,  (at simulation time 109.103,800,000 s)
2023-09-25 08:46:11,325 INFO  - ,Received V2X Message from ,rsu_2, InterVehicleMsg{,30, 942,  41.632382935740885,  -71.0077086334615, Road CLOSED, }, Latitude= 41.63267241341616, Longitude= -71.00675497706511,  (at simulation time 109.203,800,000 s)
2023-09-25 08:46:11,325 INFO  - ,Received V2X Message from ,rsu_2, InterVehicleMsg{,30, 943,  41.632382935740885,  -71.0077086334615, Road CLOSED, }, Latitude= 41.63267241341616, Longitude= -71.00675497706511,  (at simulation time 109.303,800,000 s)
2023-09-25 08:46:11,325 INFO  - ,Received V2X Message from ,rsu_2, InterVehicleMsg{,30, 944,  41.632382935740885,  -71.0077086334615, Road CLOSED, }, Latitude= 41.63267241341616, Longitude= -71.00675497706511,  (at simulation time 109.404,300,000 s)
2023-09-25 08:46:11,325 INFO  - ,Received V2X Message from ,rsu_2, InterVehicleMsg{,30, 945,  41.632382935740885,  -71.0077086334615, Road CLOSED, }, Latitude= 41.63267241341616, Longitude= -71.00675497706511,  (at simulation time 109.502,800,000 s)
2023-09-25 08:46:11,325 INFO  - ,Received V2X Message from ,rsu_2, InterVehicleMsg{,30, 946,  41.632382935740885,  -71.0077086334615, Road CLOSED, }, Latitude= 41.63267241341616, Longitude= -71.00675497706511,  (at simulation time 109.602,300,000 s)
2023-09-25 08:46:11,326 INFO  - ,Received V2X Message from ,rsu_2, InterVehicleMsg{,30, 947,  41.632382935740885,  -71.0077086334615, Road CLOSED, }, Latitude= 41.63267241341616, Longitude= -71.00675497706511,  (at simulation time 109.701,800,000 s)
2023-09-25 08:46:11,326 INFO  - ,Received V2X Message from ,rsu_2, InterVehicleMsg{,30, 948,  41.632382935740885,  -71.0077086334615, Road CLOSED, }, Latitude= 41.63267241341616, Longitude= -71.00675497706511,  (at simulation time 109.803,300,000 s)
2023-09-25 08:46:11,326 INFO  - ,Received V2X Message from ,rsu_2, InterVehicleMsg{,30, 949,  41.632382935740885,  -71.0077086334615, Road CLOSED, }, Latitude= 41.63267241341616, Longitude= -71.00675497706511,  (at simulation time 109.903,800,000 s)
2023-09-25 08:46:11,328 INFO  - ,Received V2X Message from ,rsu_2, InterVehicleMsg{,30, 950,  41.632382935740885,  -71.0077086334615, Road CLOSED, }, Latitude= 41.63264661816956, Longitude= -71.00680258472472,  (at simulation time 110.003,300,000 s)
2023-09-25 08:46:11,330 INFO  - ,Received V2X Message from ,rsu_2, InterVehicleMsg{,30, 951,  41.632382935740885,  -71.0077086334615, Road CLOSED, }, Latitude= 41.63264661816956, Longitude= -71.00680258472472,  (at simulation time 110.102,800,000 s)
2023-09-25 08:46:11,330 INFO  - ,Received V2X Message from ,rsu_2, InterVehicleMsg{,30, 952,  41.632382935740885,  -71.0077086334615, Road CLOSED, }, Latitude= 41.63264661816956, Longitude= -71.00680258472472,  (at simulation time 110.201,800,000 s)
2023-09-25 08:46:11,331 INFO  - ,Received V2X Message from ,rsu_2, InterVehicleMsg{,30, 953,  41.632382935740885,  -71.0077086334615, Road CLOSED, }, Latitude= 41.63264661816956, Longitude= -71.00680258472472,  (at simulation time 110.303,300,000 s)
2023-09-25 08:46:11,331 INFO  - ,Received V2X Message from ,rsu_2, InterVehicleMsg{,30, 954,  41.632382935740885,  -71.0077086334615, Road CLOSED, }, Latitude= 41.63264661816956, Longitude= -71.00680258472472,  (at simulation time 110.402,300,000 s)
2023-09-25 08:46:11,331 INFO  - ,Received V2X Message from ,rsu_2, InterVehicleMsg{,30, 955,  41.632382935740885,  -71.0077086334615, Road CLOSED, }, Latitude= 41.63264661816956, Longitude= -71.00680258472472,  (at simulation time 110.503,300,000 s)
2023-09-25 08:46:11,332 INFO  - ,Received V2X Message from ,rsu_2, InterVehicleMsg{,30, 956,  41.632382935740885,  -71.0077086334615, Road CLOSED, }, Latitude= 41.63264661816956, Longitude= -71.00680258472472,  (at simulation time 110.604,300,000 s)
2023-09-25 08:46:11,332 INFO  - ,Received V2X Message from ,rsu_2, InterVehicleMsg{,30, 957,  41.632382935740885,  -71.0077086334615, Road CLOSED, }, Latitude= 41.63264661816956, Longitude= -71.00680258472472,  (at simulation time 110.702,800,000 s)
2023-09-25 08:46:11,332 INFO  - ,Received V2X Message from ,rsu_2, InterVehicleMsg{,30, 958,  41.632382935740885,  -71.0077086334615, Road CLOSED, }, Latitude= 41.63264661816956, Longitude= -71.00680258472472,  (at simulation time 110.804,300,000 s)
2023-09-25 08:46:11,333 INFO  - ,Received V2X Message from ,rsu_2, InterVehicleMsg{,30, 959,  41.632382935740885,  -71.0077086334615, Road CLOSED, }, Latitude= 41.63264661816956, Longitude= -71.00680258472472,  (at simulation time 110.901,300,000 s)
2023-09-25 08:46:11,335 INFO  - ,Received V2X Message from ,rsu_2, InterVehicleMsg{,30, 960,  41.632382935740885,  -71.0077086334615, Road CLOSED, }, Latitude= 41.63258680681916, Longitude= -71.0068187743183,  (at simulation time 111.003,800,000 s)
2023-09-25 08:46:11,335 INFO  - ,Received V2X Message from ,rsu_2, InterVehicleMsg{,30, 961,  41.632382935740885,  -71.0077086334615, Road CLOSED, }, Latitude= 41.63258680681916, Longitude= -71.0068187743183,  (at simulation time 111.100,800,000 s)
2023-09-25 08:46:11,336 INFO  - ,Received V2X Message from ,rsu_2, InterVehicleMsg{,30, 962,  41.632382935740885,  -71.0077086334615, Road CLOSED, }, Latitude= 41.63258680681916, Longitude= -71.0068187743183,  (at simulation time 111.201,800,000 s)
2023-09-25 08:46:11,336 INFO  - ,Received V2X Message from ,rsu_2, InterVehicleMsg{,30, 963,  41.632382935740885,  -71.0077086334615, Road CLOSED, }, Latitude= 41.63258680681916, Longitude= -71.0068187743183,  (at simulation time 111.303,300,000 s)
2023-09-25 08:46:11,336 INFO  - ,Received V2X Message from ,rsu_2, InterVehicleMsg{,30, 964,  41.632382935740885,  -71.0077086334615, Road CLOSED, }, Latitude= 41.63258680681916, Longitude= -71.0068187743183,  (at simulation time 111.402,800,000 s)
2023-09-25 08:46:11,336 INFO  - ,Received V2X Message from ,rsu_2, InterVehicleMsg{,30, 965,  41.632382935740885,  -71.0077086334615, Road CLOSED, }, Latitude= 41.63258680681916, Longitude= -71.0068187743183,  (at simulation time 111.502,300,000 s)
2023-09-25 08:46:11,337 INFO  - ,Received V2X Message from ,rsu_2, InterVehicleMsg{,30, 966,  41.632382935740885,  -71.0077086334615, Road CLOSED, }, Latitude= 41.63258680681916, Longitude= -71.0068187743183,  (at simulation time 111.602,300,000 s)
2023-09-25 08:46:11,337 INFO  - ,Received V2X Message from ,rsu_2, InterVehicleMsg{,30, 967,  41.632382935740885,  -71.0077086334615, Road CLOSED, }, Latitude= 41.63258680681916, Longitude= -71.0068187743183,  (at simulation time 111.703,300,000 s)
2023-09-25 08:46:11,337 INFO  - ,Received V2X Message from ,rsu_2, InterVehicleMsg{,30, 968,  41.632382935740885,  -71.0077086334615, Road CLOSED, }, Latitude= 41.63258680681916, Longitude= -71.0068187743183,  (at simulation time 111.804,300,000 s)
2023-09-25 08:46:11,337 INFO  - ,Received V2X Message from ,rsu_2, InterVehicleMsg{,30, 969,  41.632382935740885,  -71.0077086334615, Road CLOSED, }, Latitude= 41.63258680681916, Longitude= -71.0068187743183,  (at simulation time 111.902,300,000 s)
2023-09-25 08:46:11,339 INFO  - ,Received V2X Message from ,rsu_2, InterVehicleMsg{,30, 970,  41.632382935740885,  -71.0077086334615, Road CLOSED, }, Latitude= 41.63251220950198, Longitude= -71.00682546793077,  (at simulation time 112.001,800,000 s)
2023-09-25 08:46:11,339 INFO  - ,Received V2X Message from ,rsu_2, InterVehicleMsg{,30, 971,  41.632382935740885,  -71.0077086334615, Road CLOSED, }, Latitude= 41.63251220950198, Longitude= -71.00682546793077,  (at simulation time 112.102,300,000 s)
2023-09-25 08:46:11,339 INFO  - ,Received V2X Message from ,rsu_2, InterVehicleMsg{,30, 972,  41.632382935740885,  -71.0077086334615, Road CLOSED, }, Latitude= 41.63251220950198, Longitude= -71.00682546793077,  (at simulation time 112.202,300,000 s)
2023-09-25 08:46:11,340 INFO  - ,Received V2X Message from ,rsu_2, InterVehicleMsg{,30, 973,  41.632382935740885,  -71.0077086334615, Road CLOSED, }, Latitude= 41.63251220950198, Longitude= -71.00682546793077,  (at simulation time 112.303,300,000 s)
2023-09-25 08:46:11,340 INFO  - ,Received V2X Message from ,rsu_2, InterVehicleMsg{,30, 974,  41.632382935740885,  -71.0077086334615, Road CLOSED, }, Latitude= 41.63251220950198, Longitude= -71.00682546793077,  (at simulation time 112.402,300,000 s)
2023-09-25 08:46:11,340 INFO  - ,Received V2X Message from ,rsu_2, InterVehicleMsg{,30, 975,  41.632382935740885,  -71.0077086334615, Road CLOSED, }, Latitude= 41.63251220950198, Longitude= -71.00682546793077,  (at simulation time 112.502,300,000 s)
2023-09-25 08:46:11,340 INFO  - ,Received V2X Message from ,rsu_2, InterVehicleMsg{,30, 976,  41.632382935740885,  -71.0077086334615, Road CLOSED, }, Latitude= 41.63251220950198, Longitude= -71.00682546793077,  (at simulation time 112.603,300,000 s)
2023-09-25 08:46:11,341 INFO  - ,Received V2X Message from ,rsu_2, InterVehicleMsg{,30, 977,  41.632382935740885,  -71.0077086334615, Road CLOSED, }, Latitude= 41.63251220950198, Longitude= -71.00682546793077,  (at simulation time 112.703,800,000 s)
2023-09-25 08:46:11,341 INFO  - ,Received V2X Message from ,rsu_2, InterVehicleMsg{,30, 978,  41.632382935740885,  -71.0077086334615, Road CLOSED, }, Latitude= 41.63251220950198, Longitude= -71.00682546793077,  (at simulation time 112.801,300,000 s)
2023-09-25 08:46:11,341 INFO  - ,Received V2X Message from ,rsu_2, InterVehicleMsg{,30, 979,  41.632382935740885,  -71.0077086334615, Road CLOSED, }, Latitude= 41.63251220950198, Longitude= -71.00682546793077,  (at simulation time 112.903,300,000 s)
2023-09-25 08:46:11,343 INFO  - ,Received V2X Message from ,rsu_2, InterVehicleMsg{,30, 980,  41.632382935740885,  -71.0077086334615, Road CLOSED, }, Latitude= 41.63244234016517, Longitude= -71.00679463544063,  (at simulation time 113.002,300,000 s)
2023-09-25 08:46:11,343 INFO  - ,Received V2X Message from ,rsu_2, InterVehicleMsg{,30, 981,  41.632382935740885,  -71.0077086334615, Road CLOSED, }, Latitude= 41.63244234016517, Longitude= -71.00679463544063,  (at simulation time 113.101,800,000 s)
2023-09-25 08:46:11,343 INFO  - ,Received V2X Message from ,rsu_2, InterVehicleMsg{,30, 982,  41.632382935740885,  -71.0077086334615, Road CLOSED, }, Latitude= 41.63244234016517, Longitude= -71.00679463544063,  (at simulation time 113.204,800,000 s)
2023-09-25 08:46:11,343 INFO  - ,Received V2X Message from ,rsu_2, InterVehicleMsg{,30, 983,  41.632382935740885,  -71.0077086334615, Road CLOSED, }, Latitude= 41.63244234016517, Longitude= -71.00679463544063,  (at simulation time 113.303,300,000 s)
2023-09-25 08:46:11,343 INFO  - ,Received V2X Message from ,rsu_2, InterVehicleMsg{,30, 984,  41.632382935740885,  -71.0077086334615, Road CLOSED, }, Latitude= 41.63244234016517, Longitude= -71.00679463544063,  (at simulation time 113.402,800,000 s)
2023-09-25 08:46:11,344 INFO  - ,Received V2X Message from ,rsu_2, InterVehicleMsg{,30, 985,  41.632382935740885,  -71.0077086334615, Road CLOSED, }, Latitude= 41.63244234016517, Longitude= -71.00679463544063,  (at simulation time 113.504,300,000 s)
2023-09-25 08:46:11,344 INFO  - ,Received V2X Message from ,rsu_2, InterVehicleMsg{,30, 986,  41.632382935740885,  -71.0077086334615, Road CLOSED, }, Latitude= 41.63244234016517, Longitude= -71.00679463544063,  (at simulation time 113.602,300,000 s)
2023-09-25 08:46:11,344 INFO  - ,Received V2X Message from ,rsu_2, InterVehicleMsg{,30, 987,  41.632382935740885,  -71.0077086334615, Road CLOSED, }, Latitude= 41.63244234016517, Longitude= -71.00679463544063,  (at simulation time 113.702,800,000 s)
2023-09-25 08:46:11,344 INFO  - ,Received V2X Message from ,rsu_2, InterVehicleMsg{,30, 988,  41.632382935740885,  -71.0077086334615, Road CLOSED, }, Latitude= 41.63244234016517, Longitude= -71.00679463544063,  (at simulation time 113.802,800,000 s)
2023-09-25 08:46:11,344 INFO  - ,Received V2X Message from ,rsu_2, InterVehicleMsg{,30, 989,  41.632382935740885,  -71.0077086334615, Road CLOSED, }, Latitude= 41.63244234016517, Longitude= -71.00679463544063,  (at simulation time 113.902,800,000 s)
2023-09-25 08:46:11,346 INFO  - ,Received V2X Message from ,rsu_2, InterVehicleMsg{,30, 990,  41.632382935740885,  -71.0077086334615, Road CLOSED, }, Latitude= 41.632365668016654, Longitude= -71.00678271924662,  (at simulation time 114.003,300,000 s)
2023-09-25 08:46:11,346 INFO  - ,Received V2X Message from ,rsu_2, InterVehicleMsg{,30, 991,  41.632382935740885,  -71.0077086334615, Road CLOSED, }, Latitude= 41.632365668016654, Longitude= -71.00678271924662,  (at simulation time 114.104,300,000 s)
2023-09-25 08:46:11,347 INFO  - ,Received V2X Message from ,rsu_2, InterVehicleMsg{,30, 992,  41.632382935740885,  -71.0077086334615, Road CLOSED, }, Latitude= 41.632365668016654, Longitude= -71.00678271924662,  (at simulation time 114.201,800,000 s)
2023-09-25 08:46:11,347 INFO  - ,Received V2X Message from ,rsu_2, InterVehicleMsg{,30, 993,  41.632382935740885,  -71.0077086334615, Road CLOSED, }, Latitude= 41.632365668016654, Longitude= -71.00678271924662,  (at simulation time 114.302,800,000 s)
2023-09-25 08:46:11,347 INFO  - ,Received V2X Message from ,rsu_2, InterVehicleMsg{,30, 994,  41.632382935740885,  -71.0077086334615, Road CLOSED, }, Latitude= 41.632365668016654, Longitude= -71.00678271924662,  (at simulation time 114.402,800,000 s)
2023-09-25 08:46:11,347 INFO  - ,Received V2X Message from ,rsu_2, InterVehicleMsg{,30, 995,  41.632382935740885,  -71.0077086334615, Road CLOSED, }, Latitude= 41.632365668016654, Longitude= -71.00678271924662,  (at simulation time 114.504,300,000 s)
2023-09-25 08:46:11,348 INFO  - ,Received V2X Message from ,rsu_2, InterVehicleMsg{,30, 996,  41.632382935740885,  -71.0077086334615, Road CLOSED, }, Latitude= 41.632365668016654, Longitude= -71.00678271924662,  (at simulation time 114.600,800,000 s)
2023-09-25 08:46:11,348 INFO  - ,Received V2X Message from ,rsu_2, InterVehicleMsg{,30, 997,  41.632382935740885,  -71.0077086334615, Road CLOSED, }, Latitude= 41.632365668016654, Longitude= -71.00678271924662,  (at simulation time 114.703,300,000 s)
2023-09-25 08:46:11,348 INFO  - ,Received V2X Message from ,rsu_2, InterVehicleMsg{,30, 998,  41.632382935740885,  -71.0077086334615, Road CLOSED, }, Latitude= 41.632365668016654, Longitude= -71.00678271924662,  (at simulation time 114.801,800,000 s)
2023-09-25 08:46:11,349 INFO  - ,Received V2X Message from ,rsu_2, InterVehicleMsg{,30, 999,  41.632382935740885,  -71.0077086334615, Road CLOSED, }, Latitude= 41.632365668016654, Longitude= -71.00678271924662,  (at simulation time 114.902,300,000 s)
2023-09-25 08:46:11,352 INFO  - ,Received V2X Message from ,rsu_2, InterVehicleMsg{,30, 1000,  41.632382935740885,  -71.0077086334615, Road CLOSED, }, Latitude= 41.6322875405766, Longitude= -71.00678350013185,  (at simulation time 115.002,300,000 s)
2023-09-25 08:46:11,352 INFO  - ,Received V2X Message from ,rsu_2, InterVehicleMsg{,30, 1001,  41.632382935740885,  -71.0077086334615, Road CLOSED, }, Latitude= 41.6322875405766, Longitude= -71.00678350013185,  (at simulation time 115.103,300,000 s)
2023-09-25 08:46:11,352 INFO  - ,Received V2X Message from ,rsu_2, InterVehicleMsg{,30, 1002,  41.632382935740885,  -71.0077086334615, Road CLOSED, }, Latitude= 41.6322875405766, Longitude= -71.00678350013185,  (at simulation time 115.204,800,000 s)
2023-09-25 08:46:11,352 INFO  - ,Received V2X Message from ,rsu_2, InterVehicleMsg{,30, 1003,  41.632382935740885,  -71.0077086334615, Road CLOSED, }, Latitude= 41.6322875405766, Longitude= -71.00678350013185,  (at simulation time 115.302,800,000 s)
2023-09-25 08:46:11,353 INFO  - ,Received V2X Message from ,rsu_2, InterVehicleMsg{,30, 1004,  41.632382935740885,  -71.0077086334615, Road CLOSED, }, Latitude= 41.6322875405766, Longitude= -71.00678350013185,  (at simulation time 115.403,800,000 s)
2023-09-25 08:46:11,353 INFO  - ,Received V2X Message from ,rsu_2, InterVehicleMsg{,30, 1005,  41.632382935740885,  -71.0077086334615, Road CLOSED, }, Latitude= 41.6322875405766, Longitude= -71.00678350013185,  (at simulation time 115.502,800,000 s)
2023-09-25 08:46:11,353 INFO  - ,Received V2X Message from ,rsu_2, InterVehicleMsg{,30, 1006,  41.632382935740885,  -71.0077086334615, Road CLOSED, }, Latitude= 41.6322875405766, Longitude= -71.00678350013185,  (at simulation time 115.602,800,000 s)
2023-09-25 08:46:11,353 INFO  - ,Received V2X Message from ,rsu_2, InterVehicleMsg{,30, 1007,  41.632382935740885,  -71.0077086334615, Road CLOSED, }, Latitude= 41.6322875405766, Longitude= -71.00678350013185,  (at simulation time 115.703,800,000 s)
2023-09-25 08:46:11,353 INFO  - ,Received V2X Message from ,rsu_2, InterVehicleMsg{,30, 1008,  41.632382935740885,  -71.0077086334615, Road CLOSED, }, Latitude= 41.6322875405766, Longitude= -71.00678350013185,  (at simulation time 115.802,300,000 s)
2023-09-25 08:46:11,354 INFO  - ,Received V2X Message from ,rsu_2, InterVehicleMsg{,30, 1009,  41.632382935740885,  -71.0077086334615, Road CLOSED, }, Latitude= 41.6322875405766, Longitude= -71.00678350013185,  (at simulation time 115.903,300,000 s)
2023-09-25 08:46:11,355 INFO  - ,Received V2X Message from ,rsu_2, InterVehicleMsg{,30, 1010,  41.632382935740885,  -71.0077086334615, Road CLOSED, }, Latitude= 41.632196086702734, Longitude= -71.00677563339943,  (at simulation time 116.001,800,000 s)
2023-09-25 08:46:11,355 INFO  - ,Received V2X Message from ,rsu_2, InterVehicleMsg{,30, 1011,  41.632382935740885,  -71.0077086334615, Road CLOSED, }, Latitude= 41.632196086702734, Longitude= -71.00677563339943,  (at simulation time 116.103,800,000 s)
2023-09-25 08:46:11,356 INFO  - ,Received V2X Message from ,rsu_2, InterVehicleMsg{,30, 1012,  41.632382935740885,  -71.0077086334615, Road CLOSED, }, Latitude= 41.632196086702734, Longitude= -71.00677563339943,  (at simulation time 116.203,300,000 s)
2023-09-25 08:46:11,356 INFO  - ,Received V2X Message from ,rsu_2, InterVehicleMsg{,30, 1013,  41.632382935740885,  -71.0077086334615, Road CLOSED, }, Latitude= 41.632196086702734, Longitude= -71.00677563339943,  (at simulation time 116.302,300,000 s)
2023-09-25 08:46:11,356 INFO  - ,Received V2X Message from ,rsu_2, InterVehicleMsg{,30, 1014,  41.632382935740885,  -71.0077086334615, Road CLOSED, }, Latitude= 41.632196086702734, Longitude= -71.00677563339943,  (at simulation time 116.403,300,000 s)
2023-09-25 08:46:11,356 INFO  - ,Received V2X Message from ,rsu_2, InterVehicleMsg{,30, 1015,  41.632382935740885,  -71.0077086334615, Road CLOSED, }, Latitude= 41.632196086702734, Longitude= -71.00677563339943,  (at simulation time 116.503,800,000 s)
2023-09-25 08:46:11,356 INFO  - ,Received V2X Message from ,rsu_2, InterVehicleMsg{,30, 1016,  41.632382935740885,  -71.0077086334615, Road CLOSED, }, Latitude= 41.632196086702734, Longitude= -71.00677563339943,  (at simulation time 116.603,300,000 s)
2023-09-25 08:46:11,357 INFO  - ,Received V2X Message from ,rsu_2, InterVehicleMsg{,30, 1017,  41.632382935740885,  -71.0077086334615, Road CLOSED, }, Latitude= 41.632196086702734, Longitude= -71.00677563339943,  (at simulation time 116.703,300,000 s)
2023-09-25 08:46:11,357 INFO  - ,Received V2X Message from ,rsu_2, InterVehicleMsg{,30, 1018,  41.632382935740885,  -71.0077086334615, Road CLOSED, }, Latitude= 41.632196086702734, Longitude= -71.00677563339943,  (at simulation time 116.801,300,000 s)
2023-09-25 08:46:11,357 INFO  - ,Received V2X Message from ,rsu_2, InterVehicleMsg{,30, 1019,  41.632382935740885,  -71.0077086334615, Road CLOSED, }, Latitude= 41.632196086702734, Longitude= -71.00677563339943,  (at simulation time 116.901,800,000 s)
2023-09-25 08:46:11,359 INFO  - ,Received V2X Message from ,rsu_2, InterVehicleMsg{,30, 1020,  41.632382935740885,  -71.0077086334615, Road CLOSED, }, Latitude= 41.632121455265185, Longitude= -71.00673301865649,  (at simulation time 117.002,300,000 s)
2023-09-25 08:46:11,359 INFO  - ,Received V2X Message from ,rsu_2, InterVehicleMsg{,30, 1021,  41.632382935740885,  -71.0077086334615, Road CLOSED, }, Latitude= 41.632121455265185, Longitude= -71.00673301865649,  (at simulation time 117.103,300,000 s)
2023-09-25 08:46:11,359 INFO  - ,Received V2X Message from ,rsu_2, InterVehicleMsg{,30, 1022,  41.632382935740885,  -71.0077086334615, Road CLOSED, }, Latitude= 41.632121455265185, Longitude= -71.00673301865649,  (at simulation time 117.203,300,000 s)
2023-09-25 08:46:11,359 INFO  - ,Received V2X Message from ,rsu_2, InterVehicleMsg{,30, 1023,  41.632382935740885,  -71.0077086334615, Road CLOSED, }, Latitude= 41.632121455265185, Longitude= -71.00673301865649,  (at simulation time 117.301,800,000 s)
2023-09-25 08:46:11,359 INFO  - ,Received V2X Message from ,rsu_2, InterVehicleMsg{,30, 1024,  41.632382935740885,  -71.0077086334615, Road CLOSED, }, Latitude= 41.632121455265185, Longitude= -71.00673301865649,  (at simulation time 117.402,800,000 s)
2023-09-25 08:46:11,360 INFO  - ,Received V2X Message from ,rsu_2, InterVehicleMsg{,30, 1025,  41.632382935740885,  -71.0077086334615, Road CLOSED, }, Latitude= 41.632121455265185, Longitude= -71.00673301865649,  (at simulation time 117.503,300,000 s)
2023-09-25 08:46:11,360 INFO  - ,Received V2X Message from ,rsu_2, InterVehicleMsg{,30, 1026,  41.632382935740885,  -71.0077086334615, Road CLOSED, }, Latitude= 41.632121455265185, Longitude= -71.00673301865649,  (at simulation time 117.601,300,000 s)
2023-09-25 08:46:11,360 INFO  - ,Received V2X Message from ,rsu_2, InterVehicleMsg{,30, 1027,  41.632382935740885,  -71.0077086334615, Road CLOSED, }, Latitude= 41.632121455265185, Longitude= -71.00673301865649,  (at simulation time 117.703,800,000 s)
2023-09-25 08:46:11,360 INFO  - ,Received V2X Message from ,rsu_2, InterVehicleMsg{,30, 1028,  41.632382935740885,  -71.0077086334615, Road CLOSED, }, Latitude= 41.632121455265185, Longitude= -71.00673301865649,  (at simulation time 117.801,300,000 s)
2023-09-25 08:46:11,360 INFO  - ,Received V2X Message from ,rsu_2, InterVehicleMsg{,30, 1029,  41.632382935740885,  -71.0077086334615, Road CLOSED, }, Latitude= 41.632121455265185, Longitude= -71.00673301865649,  (at simulation time 117.904,300,000 s)
2023-09-25 08:46:11,362 INFO  - ,Received V2X Message from ,rsu_2, InterVehicleMsg{,30, 1030,  41.632382935740885,  -71.0077086334615, Road CLOSED, }, Latitude= 41.63206200472517, Longitude= -71.00665406940915,  (at simulation time 118.001,800,000 s)
2023-09-25 08:46:11,362 INFO  - ,Received V2X Message from ,rsu_2, InterVehicleMsg{,30, 1031,  41.632382935740885,  -71.0077086334615, Road CLOSED, }, Latitude= 41.63206200472517, Longitude= -71.00665406940915,  (at simulation time 118.101,800,000 s)
2023-09-25 08:46:11,362 INFO  - ,Received V2X Message from ,rsu_2, InterVehicleMsg{,30, 1032,  41.632382935740885,  -71.0077086334615, Road CLOSED, }, Latitude= 41.63206200472517, Longitude= -71.00665406940915,  (at simulation time 118.202,300,000 s)
2023-09-25 08:46:11,362 INFO  - ,Received V2X Message from ,rsu_2, InterVehicleMsg{,30, 1033,  41.632382935740885,  -71.0077086334615, Road CLOSED, }, Latitude= 41.63206200472517, Longitude= -71.00665406940915,  (at simulation time 118.303,800,000 s)
2023-09-25 08:46:11,362 INFO  - ,Received V2X Message from ,rsu_2, InterVehicleMsg{,30, 1034,  41.632382935740885,  -71.0077086334615, Road CLOSED, }, Latitude= 41.63206200472517, Longitude= -71.00665406940915,  (at simulation time 118.402,800,000 s)
2023-09-25 08:46:11,363 INFO  - ,Received V2X Message from ,rsu_2, InterVehicleMsg{,30, 1035,  41.632382935740885,  -71.0077086334615, Road CLOSED, }, Latitude= 41.63206200472517, Longitude= -71.00665406940915,  (at simulation time 118.503,300,000 s)
2023-09-25 08:46:11,363 INFO  - ,Received V2X Message from ,rsu_2, InterVehicleMsg{,30, 1036,  41.632382935740885,  -71.0077086334615, Road CLOSED, }, Latitude= 41.63206200472517, Longitude= -71.00665406940915,  (at simulation time 118.601,300,000 s)
2023-09-25 08:46:11,363 INFO  - ,Received V2X Message from ,rsu_2, InterVehicleMsg{,30, 1037,  41.632382935740885,  -71.0077086334615, Road CLOSED, }, Latitude= 41.63206200472517, Longitude= -71.00665406940915,  (at simulation time 118.701,800,000 s)
2023-09-25 08:46:11,363 INFO  - ,Received V2X Message from ,rsu_2, InterVehicleMsg{,30, 1038,  41.632382935740885,  -71.0077086334615, Road CLOSED, }, Latitude= 41.63206200472517, Longitude= -71.00665406940915,  (at simulation time 118.802,300,000 s)
2023-09-25 08:46:11,363 INFO  - ,Received V2X Message from ,rsu_2, InterVehicleMsg{,30, 1039,  41.632382935740885,  -71.0077086334615, Road CLOSED, }, Latitude= 41.63206200472517, Longitude= -71.00665406940915,  (at simulation time 118.904,800,000 s)
2023-09-25 08:46:11,366 INFO  - ,Received V2X Message from ,rsu_2, InterVehicleMsg{,30, 1040,  41.632382935740885,  -71.0077086334615, Road CLOSED, }, Latitude= 41.63202680632343, Longitude= -71.00653880368834,  (at simulation time 119.002,300,000 s)
2023-09-25 08:46:11,366 INFO  - ,Received V2X Message from ,rsu_2, InterVehicleMsg{,30, 1041,  41.632382935740885,  -71.0077086334615, Road CLOSED, }, Latitude= 41.63202680632343, Longitude= -71.00653880368834,  (at simulation time 119.102,800,000 s)
2023-09-25 08:46:11,366 INFO  - ,Received V2X Message from ,rsu_2, InterVehicleMsg{,30, 1042,  41.632382935740885,  -71.0077086334615, Road CLOSED, }, Latitude= 41.63202680632343, Longitude= -71.00653880368834,  (at simulation time 119.201,300,000 s)
2023-09-25 08:46:11,367 INFO  - ,Received V2X Message from ,rsu_2, InterVehicleMsg{,30, 1043,  41.632382935740885,  -71.0077086334615, Road CLOSED, }, Latitude= 41.63202680632343, Longitude= -71.00653880368834,  (at simulation time 119.302,300,000 s)
2023-09-25 08:46:11,367 INFO  - ,Received V2X Message from ,rsu_2, InterVehicleMsg{,30, 1044,  41.632382935740885,  -71.0077086334615, Road CLOSED, }, Latitude= 41.63202680632343, Longitude= -71.00653880368834,  (at simulation time 119.404,800,000 s)
2023-09-25 08:46:11,367 INFO  - ,Received V2X Message from ,rsu_2, InterVehicleMsg{,30, 1045,  41.632382935740885,  -71.0077086334615, Road CLOSED, }, Latitude= 41.63202680632343, Longitude= -71.00653880368834,  (at simulation time 119.503,800,000 s)
2023-09-25 08:46:11,368 INFO  - ,Received V2X Message from ,rsu_2, InterVehicleMsg{,30, 1046,  41.632382935740885,  -71.0077086334615, Road CLOSED, }, Latitude= 41.63202680632343, Longitude= -71.00653880368834,  (at simulation time 119.601,800,000 s)
2023-09-25 08:46:11,368 INFO  - ,Received V2X Message from ,rsu_2, InterVehicleMsg{,30, 1047,  41.632382935740885,  -71.0077086334615, Road CLOSED, }, Latitude= 41.63202680632343, Longitude= -71.00653880368834,  (at simulation time 119.702,300,000 s)
2023-09-25 08:46:11,368 INFO  - ,Received V2X Message from ,rsu_2, InterVehicleMsg{,30, 1048,  41.632382935740885,  -71.0077086334615, Road CLOSED, }, Latitude= 41.63202680632343, Longitude= -71.00653880368834,  (at simulation time 119.803,300,000 s)
2023-09-25 08:46:11,368 INFO  - ,Received V2X Message from ,rsu_2, InterVehicleMsg{,30, 1049,  41.632382935740885,  -71.0077086334615, Road CLOSED, }, Latitude= 41.63202680632343, Longitude= -71.00653880368834,  (at simulation time 119.903,300,000 s)
2023-09-25 08:46:11,371 INFO  - ,Received V2X Message from ,rsu_2, InterVehicleMsg{,30, 1050,  41.632382935740885,  -71.0077086334615, Road CLOSED, }, Latitude= 41.63202758294218, Longitude= -71.00643800613022,  (at simulation time 120.003,800,000 s)
2023-09-25 08:46:11,371 INFO  - ,Received V2X Message from ,rsu_2, InterVehicleMsg{,30, 1051,  41.632382935740885,  -71.0077086334615, Road CLOSED, }, Latitude= 41.63202758294218, Longitude= -71.00643800613022,  (at simulation time 120.101,300,000 s)
2023-09-25 08:46:11,371 INFO  - ,Received V2X Message from ,rsu_2, InterVehicleMsg{,30, 1052,  41.632382935740885,  -71.0077086334615, Road CLOSED, }, Latitude= 41.63202758294218, Longitude= -71.00643800613022,  (at simulation time 120.203,300,000 s)
2023-09-25 08:46:11,371 INFO  - ,Received V2X Message from ,rsu_2, InterVehicleMsg{,30, 1053,  41.632382935740885,  -71.0077086334615, Road CLOSED, }, Latitude= 41.63202758294218, Longitude= -71.00643800613022,  (at simulation time 120.302,800,000 s)
2023-09-25 08:46:11,372 INFO  - ,Received V2X Message from ,rsu_2, InterVehicleMsg{,30, 1054,  41.632382935740885,  -71.0077086334615, Road CLOSED, }, Latitude= 41.63202758294218, Longitude= -71.00643800613022,  (at simulation time 120.402,300,000 s)
2023-09-25 08:46:11,372 INFO  - ,Received V2X Message from ,rsu_2, InterVehicleMsg{,30, 1055,  41.632382935740885,  -71.0077086334615, Road CLOSED, }, Latitude= 41.63202758294218, Longitude= -71.00643800613022,  (at simulation time 120.503,800,000 s)
2023-09-25 08:46:11,372 INFO  - ,Received V2X Message from ,rsu_2, InterVehicleMsg{,30, 1056,  41.632382935740885,  -71.0077086334615, Road CLOSED, }, Latitude= 41.63202758294218, Longitude= -71.00643800613022,  (at simulation time 120.600,800,000 s)
2023-09-25 08:46:11,372 INFO  - ,Received V2X Message from ,rsu_2, InterVehicleMsg{,30, 1057,  41.632382935740885,  -71.0077086334615, Road CLOSED, }, Latitude= 41.63202758294218, Longitude= -71.00643800613022,  (at simulation time 120.702,300,000 s)
2023-09-25 08:46:11,372 INFO  - ,Received V2X Message from ,rsu_2, InterVehicleMsg{,30, 1058,  41.632382935740885,  -71.0077086334615, Road CLOSED, }, Latitude= 41.63202758294218, Longitude= -71.00643800613022,  (at simulation time 120.803,300,000 s)
2023-09-25 08:46:11,373 INFO  - ,Received V2X Message from ,rsu_2, InterVehicleMsg{,30, 1059,  41.632382935740885,  -71.0077086334615, Road CLOSED, }, Latitude= 41.63202758294218, Longitude= -71.00643800613022,  (at simulation time 120.902,800,000 s)
2023-09-25 08:46:11,374 INFO  - ,Received V2X Message from ,rsu_2, InterVehicleMsg{,30, 1060,  41.632382935740885,  -71.0077086334615, Road CLOSED, }, Latitude= 41.6320532132588, Longitude= -71.00633233935471,  (at simulation time 121.003,800,000 s)
2023-09-25 08:46:11,374 INFO  - ,Received V2X Message from ,rsu_2, InterVehicleMsg{,30, 1061,  41.632382935740885,  -71.0077086334615, Road CLOSED, }, Latitude= 41.6320532132588, Longitude= -71.00633233935471,  (at simulation time 121.102,800,000 s)
2023-09-25 08:46:11,374 INFO  - ,Received V2X Message from ,rsu_2, InterVehicleMsg{,30, 1062,  41.632382935740885,  -71.0077086334615, Road CLOSED, }, Latitude= 41.6320532132588, Longitude= -71.00633233935471,  (at simulation time 121.203,300,000 s)
2023-09-25 08:46:11,374 INFO  - ,Received V2X Message from ,rsu_2, InterVehicleMsg{,30, 1063,  41.632382935740885,  -71.0077086334615, Road CLOSED, }, Latitude= 41.6320532132588, Longitude= -71.00633233935471,  (at simulation time 121.302,300,000 s)
2023-09-25 08:46:11,375 INFO  - ,Received V2X Message from ,rsu_2, InterVehicleMsg{,30, 1064,  41.632382935740885,  -71.0077086334615, Road CLOSED, }, Latitude= 41.6320532132588, Longitude= -71.00633233935471,  (at simulation time 121.402,300,000 s)
2023-09-25 08:46:11,375 INFO  - ,Received V2X Message from ,rsu_2, InterVehicleMsg{,30, 1065,  41.632382935740885,  -71.0077086334615, Road CLOSED, }, Latitude= 41.6320532132588, Longitude= -71.00633233935471,  (at simulation time 121.501,300,000 s)
2023-09-25 08:46:11,375 INFO  - ,Received V2X Message from ,rsu_2, InterVehicleMsg{,30, 1066,  41.632382935740885,  -71.0077086334615, Road CLOSED, }, Latitude= 41.6320532132588, Longitude= -71.00633233935471,  (at simulation time 121.601,300,000 s)
2023-09-25 08:46:11,375 INFO  - ,Received V2X Message from ,rsu_2, InterVehicleMsg{,30, 1067,  41.632382935740885,  -71.0077086334615, Road CLOSED, }, Latitude= 41.6320532132588, Longitude= -71.00633233935471,  (at simulation time 121.701,300,000 s)
2023-09-25 08:46:11,375 INFO  - ,Received V2X Message from ,rsu_2, InterVehicleMsg{,30, 1068,  41.632382935740885,  -71.0077086334615, Road CLOSED, }, Latitude= 41.6320532132588, Longitude= -71.00633233935471,  (at simulation time 121.803,300,000 s)
2023-09-25 08:46:11,375 INFO  - ,Received V2X Message from ,rsu_2, InterVehicleMsg{,30, 1069,  41.632382935740885,  -71.0077086334615, Road CLOSED, }, Latitude= 41.6320532132588, Longitude= -71.00633233935471,  (at simulation time 121.903,300,000 s)
2023-09-25 08:46:11,377 INFO  - ,Received V2X Message from ,rsu_2, InterVehicleMsg{,30, 1070,  41.632382935740885,  -71.0077086334615, Road CLOSED, }, Latitude= 41.63208358217079, Longitude= -71.0062245130764,  (at simulation time 122.002,800,000 s)
2023-09-25 08:46:11,377 INFO  - ,Received V2X Message from ,rsu_2, InterVehicleMsg{,30, 1071,  41.632382935740885,  -71.0077086334615, Road CLOSED, }, Latitude= 41.63208358217079, Longitude= -71.0062245130764,  (at simulation time 122.103,800,000 s)
2023-09-25 08:46:11,377 INFO  - ,Received V2X Message from ,rsu_2, InterVehicleMsg{,30, 1072,  41.632382935740885,  -71.0077086334615, Road CLOSED, }, Latitude= 41.63208358217079, Longitude= -71.0062245130764,  (at simulation time 122.201,800,000 s)
2023-09-25 08:46:11,377 INFO  - ,Received V2X Message from ,rsu_2, InterVehicleMsg{,30, 1073,  41.632382935740885,  -71.0077086334615, Road CLOSED, }, Latitude= 41.63208358217079, Longitude= -71.0062245130764,  (at simulation time 122.303,800,000 s)
2023-09-25 08:46:11,377 INFO  - ,Received V2X Message from ,rsu_2, InterVehicleMsg{,30, 1074,  41.632382935740885,  -71.0077086334615, Road CLOSED, }, Latitude= 41.63208358217079, Longitude= -71.0062245130764,  (at simulation time 122.402,300,000 s)
2023-09-25 08:46:11,378 INFO  - ,Received V2X Message from ,rsu_2, InterVehicleMsg{,30, 1075,  41.632382935740885,  -71.0077086334615, Road CLOSED, }, Latitude= 41.63208358217079, Longitude= -71.0062245130764,  (at simulation time 122.504,300,000 s)
2023-09-25 08:46:11,378 INFO  - ,Received V2X Message from ,rsu_2, InterVehicleMsg{,30, 1076,  41.632382935740885,  -71.0077086334615, Road CLOSED, }, Latitude= 41.63208358217079, Longitude= -71.0062245130764,  (at simulation time 122.603,300,000 s)
2023-09-25 08:46:11,378 INFO  - ,Received V2X Message from ,rsu_2, InterVehicleMsg{,30, 1077,  41.632382935740885,  -71.0077086334615, Road CLOSED, }, Latitude= 41.63208358217079, Longitude= -71.0062245130764,  (at simulation time 122.703,300,000 s)
2023-09-25 08:46:11,378 INFO  - ,Received V2X Message from ,rsu_2, InterVehicleMsg{,30, 1078,  41.632382935740885,  -71.0077086334615, Road CLOSED, }, Latitude= 41.63208358217079, Longitude= -71.0062245130764,  (at simulation time 122.801,800,000 s)
2023-09-25 08:46:11,378 INFO  - ,Received V2X Message from ,rsu_2, InterVehicleMsg{,30, 1079,  41.632382935740885,  -71.0077086334615, Road CLOSED, }, Latitude= 41.63208358217079, Longitude= -71.0062245130764,  (at simulation time 122.904,800,000 s)
2023-09-25 08:46:11,380 INFO  - ,Received V2X Message from ,rsu_2, InterVehicleMsg{,30, 1080,  41.632382935740885,  -71.0077086334615, Road CLOSED, }, Latitude= 41.63211059404221, Longitude= -71.00611014431311,  (at simulation time 123.003,300,000 s)
2023-09-25 08:46:11,381 INFO  - ,Received V2X Message from ,rsu_2, InterVehicleMsg{,30, 1081,  41.632382935740885,  -71.0077086334615, Road CLOSED, }, Latitude= 41.63211059404221, Longitude= -71.00611014431311,  (at simulation time 123.104,300,000 s)
2023-09-25 08:46:11,381 INFO  - ,Received V2X Message from ,rsu_2, InterVehicleMsg{,30, 1082,  41.632382935740885,  -71.0077086334615, Road CLOSED, }, Latitude= 41.63211059404221, Longitude= -71.00611014431311,  (at simulation time 123.202,800,000 s)
2023-09-25 08:46:11,381 INFO  - ,Received V2X Message from ,rsu_2, InterVehicleMsg{,30, 1083,  41.632382935740885,  -71.0077086334615, Road CLOSED, }, Latitude= 41.63211059404221, Longitude= -71.00611014431311,  (at simulation time 123.302,300,000 s)
2023-09-25 08:46:11,381 INFO  - ,Received V2X Message from ,rsu_2, InterVehicleMsg{,30, 1084,  41.632382935740885,  -71.0077086334615, Road CLOSED, }, Latitude= 41.63211059404221, Longitude= -71.00611014431311,  (at simulation time 123.403,300,000 s)
2023-09-25 08:46:11,381 INFO  - ,Received V2X Message from ,rsu_2, InterVehicleMsg{,30, 1085,  41.632382935740885,  -71.0077086334615, Road CLOSED, }, Latitude= 41.63211059404221, Longitude= -71.00611014431311,  (at simulation time 123.502,300,000 s)
2023-09-25 08:46:11,382 INFO  - ,Received V2X Message from ,rsu_2, InterVehicleMsg{,30, 1086,  41.632382935740885,  -71.0077086334615, Road CLOSED, }, Latitude= 41.63211059404221, Longitude= -71.00611014431311,  (at simulation time 123.601,800,000 s)
2023-09-25 08:46:11,382 INFO  - ,Received V2X Message from ,rsu_2, InterVehicleMsg{,30, 1087,  41.632382935740885,  -71.0077086334615, Road CLOSED, }, Latitude= 41.63211059404221, Longitude= -71.00611014431311,  (at simulation time 123.700,800,000 s)
2023-09-25 08:46:11,382 INFO  - ,Received V2X Message from ,rsu_2, InterVehicleMsg{,30, 1088,  41.632382935740885,  -71.0077086334615, Road CLOSED, }, Latitude= 41.63211059404221, Longitude= -71.00611014431311,  (at simulation time 123.801,800,000 s)
2023-09-25 08:46:11,382 INFO  - ,Received V2X Message from ,rsu_2, InterVehicleMsg{,30, 1089,  41.632382935740885,  -71.0077086334615, Road CLOSED, }, Latitude= 41.63211059404221, Longitude= -71.00611014431311,  (at simulation time 123.901,300,000 s)
2023-09-25 08:46:11,385 INFO  - ,Received V2X Message from ,rsu_2, InterVehicleMsg{,30, 1090,  41.632382935740885,  -71.0077086334615, Road CLOSED, }, Latitude= 41.63213402762713, Longitude= -71.00600485182069,  (at simulation time 124.003,300,000 s)
2023-09-25 08:46:11,385 INFO  - ,Received V2X Message from ,rsu_2, InterVehicleMsg{,30, 1091,  41.632382935740885,  -71.0077086334615, Road CLOSED, }, Latitude= 41.63213402762713, Longitude= -71.00600485182069,  (at simulation time 124.101,300,000 s)
2023-09-25 08:46:11,385 INFO  - ,Received V2X Message from ,rsu_2, InterVehicleMsg{,30, 1092,  41.632382935740885,  -71.0077086334615, Road CLOSED, }, Latitude= 41.63213402762713, Longitude= -71.00600485182069,  (at simulation time 124.200,800,000 s)
2023-09-25 08:46:11,385 INFO  - ,Received V2X Message from ,rsu_2, InterVehicleMsg{,30, 1093,  41.632382935740885,  -71.0077086334615, Road CLOSED, }, Latitude= 41.63213402762713, Longitude= -71.00600485182069,  (at simulation time 124.302,300,000 s)
2023-09-25 08:46:11,385 INFO  - ,Received V2X Message from ,rsu_2, InterVehicleMsg{,30, 1094,  41.632382935740885,  -71.0077086334615, Road CLOSED, }, Latitude= 41.63213402762713, Longitude= -71.00600485182069,  (at simulation time 124.401,300,000 s)
2023-09-25 08:46:11,386 INFO  - ,Received V2X Message from ,rsu_2, InterVehicleMsg{,30, 1095,  41.632382935740885,  -71.0077086334615, Road CLOSED, }, Latitude= 41.63213402762713, Longitude= -71.00600485182069,  (at simulation time 124.500,800,000 s)
2023-09-25 08:46:11,386 INFO  - ,Received V2X Message from ,rsu_2, InterVehicleMsg{,30, 1096,  41.632382935740885,  -71.0077086334615, Road CLOSED, }, Latitude= 41.63213402762713, Longitude= -71.00600485182069,  (at simulation time 124.603,800,000 s)
2023-09-25 08:46:11,386 INFO  - ,Received V2X Message from ,rsu_2, InterVehicleMsg{,30, 1097,  41.632382935740885,  -71.0077086334615, Road CLOSED, }, Latitude= 41.63213402762713, Longitude= -71.00600485182069,  (at simulation time 124.701,800,000 s)
2023-09-25 08:46:11,386 INFO  - ,Received V2X Message from ,rsu_2, InterVehicleMsg{,30, 1098,  41.632382935740885,  -71.0077086334615, Road CLOSED, }, Latitude= 41.63213402762713, Longitude= -71.00600485182069,  (at simulation time 124.803,300,000 s)
2023-09-25 08:46:11,386 INFO  - ,Received V2X Message from ,rsu_2, InterVehicleMsg{,30, 1099,  41.632382935740885,  -71.0077086334615, Road CLOSED, }, Latitude= 41.63213402762713, Longitude= -71.00600485182069,  (at simulation time 124.903,300,000 s)
2023-09-25 08:46:11,388 INFO  - ,Received V2X Message from ,rsu_2, InterVehicleMsg{,30, 1100,  41.632382935740885,  -71.0077086334615, Road CLOSED, }, Latitude= 41.632152682650435, Longitude= -71.00588905154974,  (at simulation time 125.001,300,000 s)
2023-09-25 08:46:11,389 INFO  - ,Received V2X Message from ,rsu_2, InterVehicleMsg{,30, 1101,  41.632382935740885,  -71.0077086334615, Road CLOSED, }, Latitude= 41.632152682650435, Longitude= -71.00588905154974,  (at simulation time 125.103,800,000 s)
2023-09-25 08:46:11,389 INFO  - ,Received V2X Message from ,rsu_2, InterVehicleMsg{,30, 1102,  41.632382935740885,  -71.0077086334615, Road CLOSED, }, Latitude= 41.632152682650435, Longitude= -71.00588905154974,  (at simulation time 125.202,800,000 s)
2023-09-25 08:46:11,389 INFO  - ,Received V2X Message from ,rsu_2, InterVehicleMsg{,30, 1103,  41.632382935740885,  -71.0077086334615, Road CLOSED, }, Latitude= 41.632152682650435, Longitude= -71.00588905154974,  (at simulation time 125.302,300,000 s)
2023-09-25 08:46:11,389 INFO  - ,Received V2X Message from ,rsu_2, InterVehicleMsg{,30, 1104,  41.632382935740885,  -71.0077086334615, Road CLOSED, }, Latitude= 41.632152682650435, Longitude= -71.00588905154974,  (at simulation time 125.402,800,000 s)
2023-09-25 08:46:11,389 INFO  - ,Received V2X Message from ,rsu_2, InterVehicleMsg{,30, 1105,  41.632382935740885,  -71.0077086334615, Road CLOSED, }, Latitude= 41.632152682650435, Longitude= -71.00588905154974,  (at simulation time 125.502,800,000 s)
2023-09-25 08:46:11,389 INFO  - ,Received V2X Message from ,rsu_2, InterVehicleMsg{,30, 1106,  41.632382935740885,  -71.0077086334615, Road CLOSED, }, Latitude= 41.632152682650435, Longitude= -71.00588905154974,  (at simulation time 125.601,800,000 s)
2023-09-25 08:46:11,389 INFO  - ,Received V2X Message from ,rsu_2, InterVehicleMsg{,30, 1107,  41.632382935740885,  -71.0077086334615, Road CLOSED, }, Latitude= 41.632152682650435, Longitude= -71.00588905154974,  (at simulation time 125.701,800,000 s)
2023-09-25 08:46:11,390 INFO  - ,Received V2X Message from ,rsu_2, InterVehicleMsg{,30, 1108,  41.632382935740885,  -71.0077086334615, Road CLOSED, }, Latitude= 41.632152682650435, Longitude= -71.00588905154974,  (at simulation time 125.803,300,000 s)
2023-09-25 08:46:11,390 INFO  - ,Received V2X Message from ,rsu_2, InterVehicleMsg{,30, 1109,  41.632382935740885,  -71.0077086334615, Road CLOSED, }, Latitude= 41.632152682650435, Longitude= -71.00588905154974,  (at simulation time 125.902,800,000 s)
2023-09-25 08:46:11,460 INFO  - ,Received V2X Message from ,rsu_0, InterVehicleMsg{,28, 1340,  41.62984225180874,  -71.00160289947058, Road CLOSED, }, Latitude= 41.632059292323234, Longitude= -71.0036044764524,  (at simulation time 155.003,300,000 s)
2023-09-25 08:46:11,460 INFO  - ,Received V2X Message from ,rsu_0, InterVehicleMsg{,28, 1341,  41.62984225180874,  -71.00160289947058, Road CLOSED, }, Latitude= 41.632059292323234, Longitude= -71.0036044764524,  (at simulation time 155.101,800,000 s)
2023-09-25 08:46:11,460 INFO  - ,Received V2X Message from ,rsu_0, InterVehicleMsg{,28, 1342,  41.62984225180874,  -71.00160289947058, Road CLOSED, }, Latitude= 41.632059292323234, Longitude= -71.0036044764524,  (at simulation time 155.203,800,000 s)
2023-09-25 08:46:11,460 INFO  - ,Received V2X Message from ,rsu_0, InterVehicleMsg{,28, 1343,  41.62984225180874,  -71.00160289947058, Road CLOSED, }, Latitude= 41.632059292323234, Longitude= -71.0036044764524,  (at simulation time 155.304,800,000 s)
2023-09-25 08:46:11,460 INFO  - ,Received V2X Message from ,rsu_0, InterVehicleMsg{,28, 1344,  41.62984225180874,  -71.00160289947058, Road CLOSED, }, Latitude= 41.632059292323234, Longitude= -71.0036044764524,  (at simulation time 155.402,300,000 s)
2023-09-25 08:46:11,460 INFO  - ,Received V2X Message from ,rsu_0, InterVehicleMsg{,28, 1345,  41.62984225180874,  -71.00160289947058, Road CLOSED, }, Latitude= 41.632059292323234, Longitude= -71.0036044764524,  (at simulation time 155.501,800,000 s)
2023-09-25 08:46:11,461 INFO  - ,Received V2X Message from ,rsu_0, InterVehicleMsg{,28, 1346,  41.62984225180874,  -71.00160289947058, Road CLOSED, }, Latitude= 41.632059292323234, Longitude= -71.0036044764524,  (at simulation time 155.601,800,000 s)
2023-09-25 08:46:11,461 INFO  - ,Received V2X Message from ,rsu_0, InterVehicleMsg{,28, 1347,  41.62984225180874,  -71.00160289947058, Road CLOSED, }, Latitude= 41.632059292323234, Longitude= -71.0036044764524,  (at simulation time 155.702,800,000 s)
2023-09-25 08:46:11,461 INFO  - ,Received V2X Message from ,rsu_0, InterVehicleMsg{,28, 1348,  41.62984225180874,  -71.00160289947058, Road CLOSED, }, Latitude= 41.632059292323234, Longitude= -71.0036044764524,  (at simulation time 155.803,300,000 s)
2023-09-25 08:46:11,461 INFO  - ,Received V2X Message from ,rsu_0, InterVehicleMsg{,28, 1349,  41.62984225180874,  -71.00160289947058, Road CLOSED, }, Latitude= 41.632059292323234, Longitude= -71.0036044764524,  (at simulation time 155.901,800,000 s)
2023-09-25 08:46:11,462 INFO  - ,Received V2X Message from ,rsu_0, InterVehicleMsg{,28, 1350,  41.62984225180874,  -71.00160289947058, Road CLOSED, }, Latitude= 41.632025757500266, Longitude= -71.0035282514714,  (at simulation time 156.002,300,000 s)
2023-09-25 08:46:11,462 INFO  - ,Received V2X Message from ,rsu_0, InterVehicleMsg{,28, 1351,  41.62984225180874,  -71.00160289947058, Road CLOSED, }, Latitude= 41.632025757500266, Longitude= -71.0035282514714,  (at simulation time 156.101,300,000 s)
2023-09-25 08:46:11,462 INFO  - ,Received V2X Message from ,rsu_0, InterVehicleMsg{,28, 1352,  41.62984225180874,  -71.00160289947058, Road CLOSED, }, Latitude= 41.632025757500266, Longitude= -71.0035282514714,  (at simulation time 156.202,300,000 s)
2023-09-25 08:46:11,462 INFO  - ,Received V2X Message from ,rsu_0, InterVehicleMsg{,28, 1353,  41.62984225180874,  -71.00160289947058, Road CLOSED, }, Latitude= 41.632025757500266, Longitude= -71.0035282514714,  (at simulation time 156.304,300,000 s)
2023-09-25 08:46:11,462 INFO  - ,Received V2X Message from ,rsu_0, InterVehicleMsg{,28, 1354,  41.62984225180874,  -71.00160289947058, Road CLOSED, }, Latitude= 41.632025757500266, Longitude= -71.0035282514714,  (at simulation time 156.400,800,000 s)
2023-09-25 08:46:11,463 INFO  - ,Received V2X Message from ,rsu_0, InterVehicleMsg{,28, 1355,  41.62984225180874,  -71.00160289947058, Road CLOSED, }, Latitude= 41.632025757500266, Longitude= -71.0035282514714,  (at simulation time 156.503,300,000 s)
2023-09-25 08:46:11,463 INFO  - ,Received V2X Message from ,rsu_0, InterVehicleMsg{,28, 1356,  41.62984225180874,  -71.00160289947058, Road CLOSED, }, Latitude= 41.632025757500266, Longitude= -71.0035282514714,  (at simulation time 156.602,800,000 s)
2023-09-25 08:46:11,463 INFO  - ,Received V2X Message from ,rsu_0, InterVehicleMsg{,28, 1357,  41.62984225180874,  -71.00160289947058, Road CLOSED, }, Latitude= 41.632025757500266, Longitude= -71.0035282514714,  (at simulation time 156.704,300,000 s)
2023-09-25 08:46:11,463 INFO  - ,Received V2X Message from ,rsu_0, InterVehicleMsg{,28, 1358,  41.62984225180874,  -71.00160289947058, Road CLOSED, }, Latitude= 41.632025757500266, Longitude= -71.0035282514714,  (at simulation time 156.801,800,000 s)
2023-09-25 08:46:11,463 INFO  - ,Received V2X Message from ,rsu_0, InterVehicleMsg{,28, 1359,  41.62984225180874,  -71.00160289947058, Road CLOSED, }, Latitude= 41.632025757500266, Longitude= -71.0035282514714,  (at simulation time 156.903,300,000 s)
2023-09-25 08:46:11,464 INFO  - ,Received V2X Message from ,rsu_0, InterVehicleMsg{,28, 1360,  41.62984225180874,  -71.00160289947058, Road CLOSED, }, Latitude= 41.63199699330657, Longitude= -71.00346459073211,  (at simulation time 157.001,800,000 s)
2023-09-25 08:46:11,465 INFO  - ,Received V2X Message from ,rsu_0, InterVehicleMsg{,28, 1361,  41.62984225180874,  -71.00160289947058, Road CLOSED, }, Latitude= 41.63199699330657, Longitude= -71.00346459073211,  (at simulation time 157.102,800,000 s)
2023-09-25 08:46:11,465 INFO  - ,Received V2X Message from ,rsu_0, InterVehicleMsg{,28, 1362,  41.62984225180874,  -71.00160289947058, Road CLOSED, }, Latitude= 41.63199699330657, Longitude= -71.00346459073211,  (at simulation time 157.201,800,000 s)
2023-09-25 08:46:11,465 INFO  - ,Received V2X Message from ,rsu_0, InterVehicleMsg{,28, 1363,  41.62984225180874,  -71.00160289947058, Road CLOSED, }, Latitude= 41.63199699330657, Longitude= -71.00346459073211,  (at simulation time 157.304,800,000 s)
2023-09-25 08:46:11,465 INFO  - ,Received V2X Message from ,rsu_0, InterVehicleMsg{,28, 1364,  41.62984225180874,  -71.00160289947058, Road CLOSED, }, Latitude= 41.63199699330657, Longitude= -71.00346459073211,  (at simulation time 157.401,800,000 s)
2023-09-25 08:46:11,466 INFO  - ,Received V2X Message from ,rsu_0, InterVehicleMsg{,28, 1365,  41.62984225180874,  -71.00160289947058, Road CLOSED, }, Latitude= 41.63199699330657, Longitude= -71.00346459073211,  (at simulation time 157.501,300,000 s)
2023-09-25 08:46:11,466 INFO  - ,Received V2X Message from ,rsu_0, InterVehicleMsg{,28, 1366,  41.62984225180874,  -71.00160289947058, Road CLOSED, }, Latitude= 41.63199699330657, Longitude= -71.00346459073211,  (at simulation time 157.603,300,000 s)
2023-09-25 08:46:11,466 INFO  - ,Received V2X Message from ,rsu_0, InterVehicleMsg{,28, 1367,  41.62984225180874,  -71.00160289947058, Road CLOSED, }, Latitude= 41.63199699330657, Longitude= -71.00346459073211,  (at simulation time 157.701,800,000 s)
2023-09-25 08:46:11,466 INFO  - ,Received V2X Message from ,rsu_0, InterVehicleMsg{,28, 1368,  41.62984225180874,  -71.00160289947058, Road CLOSED, }, Latitude= 41.63199699330657, Longitude= -71.00346459073211,  (at simulation time 157.801,300,000 s)
2023-09-25 08:46:11,467 INFO  - ,Received V2X Message from ,rsu_0, InterVehicleMsg{,28, 1369,  41.62984225180874,  -71.00160289947058, Road CLOSED, }, Latitude= 41.63199699330657, Longitude= -71.00346459073211,  (at simulation time 157.902,800,000 s)
2023-09-25 08:46:11,468 INFO  - ,Received V2X Message from ,rsu_0, InterVehicleMsg{,28, 1370,  41.62984225180874,  -71.00160289947058, Road CLOSED, }, Latitude= 41.63196411828582, Longitude= -71.00339950779569,  (at simulation time 158.001,800,000 s)
2023-09-25 08:46:11,468 INFO  - ,Received V2X Message from ,rsu_0, InterVehicleMsg{,28, 1371,  41.62984225180874,  -71.00160289947058, Road CLOSED, }, Latitude= 41.63196411828582, Longitude= -71.00339950779569,  (at simulation time 158.103,300,000 s)
2023-09-25 08:46:11,468 INFO  - ,Received V2X Message from ,rsu_0, InterVehicleMsg{,28, 1372,  41.62984225180874,  -71.00160289947058, Road CLOSED, }, Latitude= 41.63196411828582, Longitude= -71.00339950779569,  (at simulation time 158.203,300,000 s)
2023-09-25 08:46:11,469 INFO  - ,Received V2X Message from ,rsu_0, InterVehicleMsg{,28, 1373,  41.62984225180874,  -71.00160289947058, Road CLOSED, }, Latitude= 41.63196411828582, Longitude= -71.00339950779569,  (at simulation time 158.303,300,000 s)
2023-09-25 08:46:11,469 INFO  - ,Received V2X Message from ,rsu_0, InterVehicleMsg{,28, 1374,  41.62984225180874,  -71.00160289947058, Road CLOSED, }, Latitude= 41.63196411828582, Longitude= -71.00339950779569,  (at simulation time 158.402,300,000 s)
2023-09-25 08:46:11,469 INFO  - ,Received V2X Message from ,rsu_0, InterVehicleMsg{,28, 1375,  41.62984225180874,  -71.00160289947058, Road CLOSED, }, Latitude= 41.63196411828582, Longitude= -71.00339950779569,  (at simulation time 158.501,300,000 s)
2023-09-25 08:46:11,469 INFO  - ,Received V2X Message from ,rsu_0, InterVehicleMsg{,28, 1376,  41.62984225180874,  -71.00160289947058, Road CLOSED, }, Latitude= 41.63196411828582, Longitude= -71.00339950779569,  (at simulation time 158.603,800,000 s)
2023-09-25 08:46:11,469 INFO  - ,Received V2X Message from ,rsu_0, InterVehicleMsg{,28, 1377,  41.62984225180874,  -71.00160289947058, Road CLOSED, }, Latitude= 41.63196411828582, Longitude= -71.00339950779569,  (at simulation time 158.703,300,000 s)
2023-09-25 08:46:11,469 INFO  - ,Received V2X Message from ,rsu_0, InterVehicleMsg{,28, 1378,  41.62984225180874,  -71.00160289947058, Road CLOSED, }, Latitude= 41.63196411828582, Longitude= -71.00339950779569,  (at simulation time 158.800,800,000 s)
2023-09-25 08:46:11,469 INFO  - ,Received V2X Message from ,rsu_0, InterVehicleMsg{,28, 1379,  41.62984225180874,  -71.00160289947058, Road CLOSED, }, Latitude= 41.63196411828582, Longitude= -71.00339950779569,  (at simulation time 158.903,300,000 s)
2023-09-25 08:46:11,471 INFO  - ,Received V2X Message from ,rsu_0, InterVehicleMsg{,28, 1380,  41.62984225180874,  -71.00160289947058, Road CLOSED, }, Latitude= 41.63193280826598, Longitude= -71.00333752323552,  (at simulation time 159.002,800,000 s)
2023-09-25 08:46:11,471 INFO  - ,Received V2X Message from ,rsu_0, InterVehicleMsg{,28, 1381,  41.62984225180874,  -71.00160289947058, Road CLOSED, }, Latitude= 41.63193280826598, Longitude= -71.00333752323552,  (at simulation time 159.102,800,000 s)
2023-09-25 08:46:11,471 INFO  - ,Received V2X Message from ,rsu_0, InterVehicleMsg{,28, 1382,  41.62984225180874,  -71.00160289947058, Road CLOSED, }, Latitude= 41.63193280826598, Longitude= -71.00333752323552,  (at simulation time 159.201,800,000 s)
2023-09-25 08:46:11,471 INFO  - ,Received V2X Message from ,rsu_0, InterVehicleMsg{,28, 1383,  41.62984225180874,  -71.00160289947058, Road CLOSED, }, Latitude= 41.63193280826598, Longitude= -71.00333752323552,  (at simulation time 159.303,300,000 s)
2023-09-25 08:46:11,471 INFO  - ,Received V2X Message from ,rsu_0, InterVehicleMsg{,28, 1384,  41.62984225180874,  -71.00160289947058, Road CLOSED, }, Latitude= 41.63193280826598, Longitude= -71.00333752323552,  (at simulation time 159.403,300,000 s)
2023-09-25 08:46:11,471 INFO  - ,Received V2X Message from ,rsu_0, InterVehicleMsg{,28, 1385,  41.62984225180874,  -71.00160289947058, Road CLOSED, }, Latitude= 41.63193280826598, Longitude= -71.00333752323552,  (at simulation time 159.503,300,000 s)
2023-09-25 08:46:11,471 INFO  - ,Received V2X Message from ,rsu_0, InterVehicleMsg{,28, 1386,  41.62984225180874,  -71.00160289947058, Road CLOSED, }, Latitude= 41.63193280826598, Longitude= -71.00333752323552,  (at simulation time 159.600,800,000 s)
2023-09-25 08:46:11,472 INFO  - ,Received V2X Message from ,rsu_0, InterVehicleMsg{,28, 1387,  41.62984225180874,  -71.00160289947058, Road CLOSED, }, Latitude= 41.63193280826598, Longitude= -71.00333752323552,  (at simulation time 159.701,300,000 s)
2023-09-25 08:46:11,472 INFO  - ,Received V2X Message from ,rsu_0, InterVehicleMsg{,28, 1388,  41.62984225180874,  -71.00160289947058, Road CLOSED, }, Latitude= 41.63193280826598, Longitude= -71.00333752323552,  (at simulation time 159.803,300,000 s)
2023-09-25 08:46:11,472 INFO  - ,Received V2X Message from ,rsu_0, InterVehicleMsg{,28, 1389,  41.62984225180874,  -71.00160289947058, Road CLOSED, }, Latitude= 41.63193280826598, Longitude= -71.00333752323552,  (at simulation time 159.902,300,000 s)
2023-09-25 08:46:11,474 INFO  - ,Received V2X Message from ,rsu_0, InterVehicleMsg{,28, 1390,  41.62984225180874,  -71.00160289947058, Road CLOSED, }, Latitude= 41.63189757301419, Longitude= -71.00327231895304,  (at simulation time 160.002,300,000 s)
2023-09-25 08:46:11,474 INFO  - ,Received V2X Message from ,rsu_0, InterVehicleMsg{,28, 1391,  41.62984225180874,  -71.00160289947058, Road CLOSED, }, Latitude= 41.63189757301419, Longitude= -71.00327231895304,  (at simulation time 160.104,800,000 s)
2023-09-25 08:46:11,474 INFO  - ,Received V2X Message from ,rsu_0, InterVehicleMsg{,28, 1392,  41.62984225180874,  -71.00160289947058, Road CLOSED, }, Latitude= 41.63189757301419, Longitude= -71.00327231895304,  (at simulation time 160.203,300,000 s)
2023-09-25 08:46:11,474 INFO  - ,Received V2X Message from ,rsu_0, InterVehicleMsg{,28, 1393,  41.62984225180874,  -71.00160289947058, Road CLOSED, }, Latitude= 41.63189757301419, Longitude= -71.00327231895304,  (at simulation time 160.302,300,000 s)
2023-09-25 08:46:11,474 INFO  - ,Received V2X Message from ,rsu_0, InterVehicleMsg{,28, 1394,  41.62984225180874,  -71.00160289947058, Road CLOSED, }, Latitude= 41.63189757301419, Longitude= -71.00327231895304,  (at simulation time 160.402,800,000 s)
2023-09-25 08:46:11,474 INFO  - ,Received V2X Message from ,rsu_0, InterVehicleMsg{,28, 1395,  41.62984225180874,  -71.00160289947058, Road CLOSED, }, Latitude= 41.63189757301419, Longitude= -71.00327231895304,  (at simulation time 160.504,300,000 s)
2023-09-25 08:46:11,475 INFO  - ,Received V2X Message from ,rsu_0, InterVehicleMsg{,28, 1396,  41.62984225180874,  -71.00160289947058, Road CLOSED, }, Latitude= 41.63189757301419, Longitude= -71.00327231895304,  (at simulation time 160.602,300,000 s)
2023-09-25 08:46:11,475 INFO  - ,Received V2X Message from ,rsu_0, InterVehicleMsg{,28, 1397,  41.62984225180874,  -71.00160289947058, Road CLOSED, }, Latitude= 41.63189757301419, Longitude= -71.00327231895304,  (at simulation time 160.703,800,000 s)
2023-09-25 08:46:11,475 INFO  - ,Received V2X Message from ,rsu_0, InterVehicleMsg{,28, 1398,  41.62984225180874,  -71.00160289947058, Road CLOSED, }, Latitude= 41.63189757301419, Longitude= -71.00327231895304,  (at simulation time 160.802,300,000 s)
2023-09-25 08:46:11,475 INFO  - ,Received V2X Message from ,rsu_0, InterVehicleMsg{,28, 1399,  41.62984225180874,  -71.00160289947058, Road CLOSED, }, Latitude= 41.63189757301419, Longitude= -71.00327231895304,  (at simulation time 160.902,300,000 s)
2023-09-25 08:46:11,476 INFO  - ,Received V2X Message from ,rsu_0, InterVehicleMsg{,28, 1400,  41.62984225180874,  -71.00160289947058, Road CLOSED, }, Latitude= 41.63186218063238, Longitude= -71.0032109656193,  (at simulation time 161.004,800,000 s)
2023-09-25 08:46:11,476 INFO  - ,Received V2X Message from ,rsu_0, InterVehicleMsg{,28, 1401,  41.62984225180874,  -71.00160289947058, Road CLOSED, }, Latitude= 41.63186218063238, Longitude= -71.0032109656193,  (at simulation time 161.103,300,000 s)
2023-09-25 08:46:11,476 INFO  - ,Received V2X Message from ,rsu_0, InterVehicleMsg{,28, 1402,  41.62984225180874,  -71.00160289947058, Road CLOSED, }, Latitude= 41.63186218063238, Longitude= -71.0032109656193,  (at simulation time 161.203,300,000 s)
2023-09-25 08:46:11,477 INFO  - ,Received V2X Message from ,rsu_0, InterVehicleMsg{,28, 1403,  41.62984225180874,  -71.00160289947058, Road CLOSED, }, Latitude= 41.63186218063238, Longitude= -71.0032109656193,  (at simulation time 161.302,800,000 s)
2023-09-25 08:46:11,477 INFO  - ,Received V2X Message from ,rsu_0, InterVehicleMsg{,28, 1404,  41.62984225180874,  -71.00160289947058, Road CLOSED, }, Latitude= 41.63186218063238, Longitude= -71.0032109656193,  (at simulation time 161.401,800,000 s)
2023-09-25 08:46:11,477 INFO  - ,Received V2X Message from ,rsu_0, InterVehicleMsg{,28, 1405,  41.62984225180874,  -71.00160289947058, Road CLOSED, }, Latitude= 41.63186218063238, Longitude= -71.0032109656193,  (at simulation time 161.502,300,000 s)
2023-09-25 08:46:11,477 INFO  - ,Received V2X Message from ,rsu_0, InterVehicleMsg{,28, 1406,  41.62984225180874,  -71.00160289947058, Road CLOSED, }, Latitude= 41.63186218063238, Longitude= -71.0032109656193,  (at simulation time 161.602,800,000 s)
2023-09-25 08:46:11,477 INFO  - ,Received V2X Message from ,rsu_0, InterVehicleMsg{,28, 1407,  41.62984225180874,  -71.00160289947058, Road CLOSED, }, Latitude= 41.63186218063238, Longitude= -71.0032109656193,  (at simulation time 161.703,800,000 s)
2023-09-25 08:46:11,477 INFO  - ,Received V2X Message from ,rsu_0, InterVehicleMsg{,28, 1408,  41.62984225180874,  -71.00160289947058, Road CLOSED, }, Latitude= 41.63186218063238, Longitude= -71.0032109656193,  (at simulation time 161.801,800,000 s)
2023-09-25 08:46:11,477 INFO  - ,Received V2X Message from ,rsu_0, InterVehicleMsg{,28, 1409,  41.62984225180874,  -71.00160289947058, Road CLOSED, }, Latitude= 41.63186218063238, Longitude= -71.0032109656193,  (at simulation time 161.901,300,000 s)
2023-09-25 08:46:11,478 INFO  - ,Received V2X Message from ,rsu_0, InterVehicleMsg{,28, 1410,  41.62984225180874,  -71.00160289947058, Road CLOSED, }, Latitude= 41.63182541409097, Longitude= -71.00314723028893,  (at simulation time 162.002,300,000 s)
2023-09-25 08:46:11,479 INFO  - ,Received V2X Message from ,rsu_0, InterVehicleMsg{,28, 1411,  41.62984225180874,  -71.00160289947058, Road CLOSED, }, Latitude= 41.63182541409097, Longitude= -71.00314723028893,  (at simulation time 162.103,800,000 s)
2023-09-25 08:46:11,479 INFO  - ,Received V2X Message from ,rsu_0, InterVehicleMsg{,28, 1412,  41.62984225180874,  -71.00160289947058, Road CLOSED, }, Latitude= 41.63182541409097, Longitude= -71.00314723028893,  (at simulation time 162.202,800,000 s)
2023-09-25 08:46:11,479 INFO  - ,Received V2X Message from ,rsu_0, InterVehicleMsg{,28, 1413,  41.62984225180874,  -71.00160289947058, Road CLOSED, }, Latitude= 41.63182541409097, Longitude= -71.00314723028893,  (at simulation time 162.303,800,000 s)
2023-09-25 08:46:11,479 INFO  - ,Received V2X Message from ,rsu_0, InterVehicleMsg{,28, 1414,  41.62984225180874,  -71.00160289947058, Road CLOSED, }, Latitude= 41.63182541409097, Longitude= -71.00314723028893,  (at simulation time 162.401,800,000 s)
2023-09-25 08:46:11,479 INFO  - ,Received V2X Message from ,rsu_0, InterVehicleMsg{,28, 1415,  41.62984225180874,  -71.00160289947058, Road CLOSED, }, Latitude= 41.63182541409097, Longitude= -71.00314723028893,  (at simulation time 162.503,800,000 s)
2023-09-25 08:46:11,479 INFO  - ,Received V2X Message from ,rsu_0, InterVehicleMsg{,28, 1416,  41.62984225180874,  -71.00160289947058, Road CLOSED, }, Latitude= 41.63182541409097, Longitude= -71.00314723028893,  (at simulation time 162.604,800,000 s)
2023-09-25 08:46:11,479 INFO  - ,Received V2X Message from ,rsu_0, InterVehicleMsg{,28, 1417,  41.62984225180874,  -71.00160289947058, Road CLOSED, }, Latitude= 41.63182541409097, Longitude= -71.00314723028893,  (at simulation time 162.702,800,000 s)
2023-09-25 08:46:11,480 INFO  - ,Received V2X Message from ,rsu_0, InterVehicleMsg{,28, 1418,  41.62984225180874,  -71.00160289947058, Road CLOSED, }, Latitude= 41.63182541409097, Longitude= -71.00314723028893,  (at simulation time 162.802,800,000 s)
2023-09-25 08:46:11,480 INFO  - ,Received V2X Message from ,rsu_0, InterVehicleMsg{,28, 1419,  41.62984225180874,  -71.00160289947058, Road CLOSED, }, Latitude= 41.63182541409097, Longitude= -71.00314723028893,  (at simulation time 162.902,300,000 s)
2023-09-25 08:46:11,481 INFO  - ,Received V2X Message from ,rsu_0, InterVehicleMsg{,28, 1420,  41.62984225180874,  -71.00160289947058, Road CLOSED, }, Latitude= 41.63179215363478, Longitude= -71.00309573722654,  (at simulation time 163.003,800,000 s)
2023-09-25 08:46:11,481 INFO  - ,Received V2X Message from ,rsu_0, InterVehicleMsg{,28, 1421,  41.62984225180874,  -71.00160289947058, Road CLOSED, }, Latitude= 41.63179215363478, Longitude= -71.00309573722654,  (at simulation time 163.103,300,000 s)
2023-09-25 08:46:11,481 INFO  - ,Received V2X Message from ,rsu_0, InterVehicleMsg{,28, 1422,  41.62984225180874,  -71.00160289947058, Road CLOSED, }, Latitude= 41.63179215363478, Longitude= -71.00309573722654,  (at simulation time 163.200,800,000 s)
2023-09-25 08:46:11,481 INFO  - ,Received V2X Message from ,rsu_0, InterVehicleMsg{,28, 1423,  41.62984225180874,  -71.00160289947058, Road CLOSED, }, Latitude= 41.63179215363478, Longitude= -71.00309573722654,  (at simulation time 163.304,300,000 s)
2023-09-25 08:46:11,481 INFO  - ,Received V2X Message from ,rsu_0, InterVehicleMsg{,28, 1424,  41.62984225180874,  -71.00160289947058, Road CLOSED, }, Latitude= 41.63179215363478, Longitude= -71.00309573722654,  (at simulation time 163.403,300,000 s)
2023-09-25 08:46:11,482 INFO  - ,Received V2X Message from ,rsu_0, InterVehicleMsg{,28, 1425,  41.62984225180874,  -71.00160289947058, Road CLOSED, }, Latitude= 41.63179215363478, Longitude= -71.00309573722654,  (at simulation time 163.504,300,000 s)
2023-09-25 08:46:11,482 INFO  - ,Received V2X Message from ,rsu_0, InterVehicleMsg{,28, 1426,  41.62984225180874,  -71.00160289947058, Road CLOSED, }, Latitude= 41.63179215363478, Longitude= -71.00309573722654,  (at simulation time 163.602,800,000 s)
2023-09-25 08:46:11,482 INFO  - ,Received V2X Message from ,rsu_0, InterVehicleMsg{,28, 1427,  41.62984225180874,  -71.00160289947058, Road CLOSED, }, Latitude= 41.63179215363478, Longitude= -71.00309573722654,  (at simulation time 163.703,300,000 s)
2023-09-25 08:46:11,482 INFO  - ,Received V2X Message from ,rsu_0, InterVehicleMsg{,28, 1428,  41.62984225180874,  -71.00160289947058, Road CLOSED, }, Latitude= 41.63179215363478, Longitude= -71.00309573722654,  (at simulation time 163.802,800,000 s)
2023-09-25 08:46:11,482 INFO  - ,Received V2X Message from ,rsu_0, InterVehicleMsg{,28, 1429,  41.62984225180874,  -71.00160289947058, Road CLOSED, }, Latitude= 41.63179215363478, Longitude= -71.00309573722654,  (at simulation time 163.902,300,000 s)
2023-09-25 08:46:11,484 INFO  - ,Received V2X Message from ,rsu_0, InterVehicleMsg{,28, 1430,  41.62984225180874,  -71.00160289947058, Road CLOSED, }, Latitude= 41.6317468424645, Longitude= -71.0030268267837,  (at simulation time 164.002,300,000 s)
2023-09-25 08:46:11,484 INFO  - ,Received V2X Message from ,rsu_0, InterVehicleMsg{,28, 1431,  41.62984225180874,  -71.00160289947058, Road CLOSED, }, Latitude= 41.6317468424645, Longitude= -71.0030268267837,  (at simulation time 164.102,300,000 s)
2023-09-25 08:46:11,484 INFO  - ,Received V2X Message from ,rsu_0, InterVehicleMsg{,28, 1432,  41.62984225180874,  -71.00160289947058, Road CLOSED, }, Latitude= 41.6317468424645, Longitude= -71.0030268267837,  (at simulation time 164.203,300,000 s)
2023-09-25 08:46:11,484 INFO  - ,Received V2X Message from ,rsu_0, InterVehicleMsg{,28, 1433,  41.62984225180874,  -71.00160289947058, Road CLOSED, }, Latitude= 41.6317468424645, Longitude= -71.0030268267837,  (at simulation time 164.303,300,000 s)
2023-09-25 08:46:11,484 INFO  - ,Received V2X Message from ,rsu_0, InterVehicleMsg{,28, 1434,  41.62984225180874,  -71.00160289947058, Road CLOSED, }, Latitude= 41.6317468424645, Longitude= -71.0030268267837,  (at simulation time 164.403,300,000 s)
2023-09-25 08:46:11,484 INFO  - ,Received V2X Message from ,rsu_0, InterVehicleMsg{,28, 1435,  41.62984225180874,  -71.00160289947058, Road CLOSED, }, Latitude= 41.6317468424645, Longitude= -71.0030268267837,  (at simulation time 164.502,300,000 s)
2023-09-25 08:46:11,485 INFO  - ,Received V2X Message from ,rsu_0, InterVehicleMsg{,28, 1436,  41.62984225180874,  -71.00160289947058, Road CLOSED, }, Latitude= 41.6317468424645, Longitude= -71.0030268267837,  (at simulation time 164.602,300,000 s)
2023-09-25 08:46:11,485 INFO  - ,Received V2X Message from ,rsu_0, InterVehicleMsg{,28, 1437,  41.62984225180874,  -71.00160289947058, Road CLOSED, }, Latitude= 41.6317468424645, Longitude= -71.0030268267837,  (at simulation time 164.702,800,000 s)
2023-09-25 08:46:11,485 INFO  - ,Received V2X Message from ,rsu_0, InterVehicleMsg{,28, 1438,  41.62984225180874,  -71.00160289947058, Road CLOSED, }, Latitude= 41.6317468424645, Longitude= -71.0030268267837,  (at simulation time 164.802,300,000 s)
2023-09-25 08:46:11,485 INFO  - ,Received V2X Message from ,rsu_0, InterVehicleMsg{,28, 1439,  41.62984225180874,  -71.00160289947058, Road CLOSED, }, Latitude= 41.6317468424645, Longitude= -71.0030268267837,  (at simulation time 164.904,300,000 s)
2023-09-25 08:46:11,487 INFO  - ,Received V2X Message from ,rsu_0, InterVehicleMsg{,28, 1440,  41.62984225180874,  -71.00160289947058, Road CLOSED, }, Latitude= 41.6317083583158, Longitude= -71.00297024921213,  (at simulation time 165.002,800,000 s)
2023-09-25 08:46:11,487 INFO  - ,Received V2X Message from ,rsu_0, InterVehicleMsg{,28, 1441,  41.62984225180874,  -71.00160289947058, Road CLOSED, }, Latitude= 41.6317083583158, Longitude= -71.00297024921213,  (at simulation time 165.103,800,000 s)
2023-09-25 08:46:11,487 INFO  - ,Received V2X Message from ,rsu_0, InterVehicleMsg{,28, 1442,  41.62984225180874,  -71.00160289947058, Road CLOSED, }, Latitude= 41.6317083583158, Longitude= -71.00297024921213,  (at simulation time 165.202,300,000 s)
2023-09-25 08:46:11,487 INFO  - ,Received V2X Message from ,rsu_0, InterVehicleMsg{,28, 1443,  41.62984225180874,  -71.00160289947058, Road CLOSED, }, Latitude= 41.6317083583158, Longitude= -71.00297024921213,  (at simulation time 165.302,800,000 s)
2023-09-25 08:46:11,487 INFO  - ,Received V2X Message from ,rsu_0, InterVehicleMsg{,28, 1444,  41.62984225180874,  -71.00160289947058, Road CLOSED, }, Latitude= 41.6317083583158, Longitude= -71.00297024921213,  (at simulation time 165.402,800,000 s)
2023-09-25 08:46:11,487 INFO  - ,Received V2X Message from ,rsu_0, InterVehicleMsg{,28, 1445,  41.62984225180874,  -71.00160289947058, Road CLOSED, }, Latitude= 41.6317083583158, Longitude= -71.00297024921213,  (at simulation time 165.500,800,000 s)
2023-09-25 08:46:11,487 INFO  - ,Received V2X Message from ,rsu_0, InterVehicleMsg{,28, 1446,  41.62984225180874,  -71.00160289947058, Road CLOSED, }, Latitude= 41.6317083583158, Longitude= -71.00297024921213,  (at simulation time 165.602,300,000 s)
2023-09-25 08:46:11,488 INFO  - ,Received V2X Message from ,rsu_0, InterVehicleMsg{,28, 1447,  41.62984225180874,  -71.00160289947058, Road CLOSED, }, Latitude= 41.6317083583158, Longitude= -71.00297024921213,  (at simulation time 165.701,800,000 s)
2023-09-25 08:46:11,488 INFO  - ,Received V2X Message from ,rsu_0, InterVehicleMsg{,28, 1448,  41.62984225180874,  -71.00160289947058, Road CLOSED, }, Latitude= 41.6317083583158, Longitude= -71.00297024921213,  (at simulation time 165.803,800,000 s)
2023-09-25 08:46:11,488 INFO  - ,Received V2X Message from ,rsu_0, InterVehicleMsg{,28, 1449,  41.62984225180874,  -71.00160289947058, Road CLOSED, }, Latitude= 41.6317083583158, Longitude= -71.00297024921213,  (at simulation time 165.902,800,000 s)
2023-09-25 08:46:11,489 INFO  - ,Received V2X Message from ,rsu_0, InterVehicleMsg{,28, 1450,  41.62984225180874,  -71.00160289947058, Road CLOSED, }, Latitude= 41.63166616754241, Longitude= -71.00291388915736,  (at simulation time 166.003,300,000 s)
2023-09-25 08:46:11,489 INFO  - ,Received V2X Message from ,rsu_0, InterVehicleMsg{,28, 1451,  41.62984225180874,  -71.00160289947058, Road CLOSED, }, Latitude= 41.63166616754241, Longitude= -71.00291388915736,  (at simulation time 166.103,300,000 s)
2023-09-25 08:46:11,489 INFO  - ,Received V2X Message from ,rsu_0, InterVehicleMsg{,28, 1452,  41.62984225180874,  -71.00160289947058, Road CLOSED, }, Latitude= 41.63166616754241, Longitude= -71.00291388915736,  (at simulation time 166.202,800,000 s)
2023-09-25 08:46:11,489 INFO  - ,Received V2X Message from ,rsu_0, InterVehicleMsg{,28, 1453,  41.62984225180874,  -71.00160289947058, Road CLOSED, }, Latitude= 41.63166616754241, Longitude= -71.00291388915736,  (at simulation time 166.301,300,000 s)
2023-09-25 08:46:11,490 INFO  - ,Received V2X Message from ,rsu_0, InterVehicleMsg{,28, 1454,  41.62984225180874,  -71.00160289947058, Road CLOSED, }, Latitude= 41.63166616754241, Longitude= -71.00291388915736,  (at simulation time 166.402,300,000 s)
2023-09-25 08:46:11,490 INFO  - ,Received V2X Message from ,rsu_0, InterVehicleMsg{,28, 1455,  41.62984225180874,  -71.00160289947058, Road CLOSED, }, Latitude= 41.63166616754241, Longitude= -71.00291388915736,  (at simulation time 166.502,300,000 s)
2023-09-25 08:46:11,490 INFO  - ,Received V2X Message from ,rsu_0, InterVehicleMsg{,28, 1456,  41.62984225180874,  -71.00160289947058, Road CLOSED, }, Latitude= 41.63166616754241, Longitude= -71.00291388915736,  (at simulation time 166.604,800,000 s)
2023-09-25 08:46:11,490 INFO  - ,Received V2X Message from ,rsu_0, InterVehicleMsg{,28, 1457,  41.62984225180874,  -71.00160289947058, Road CLOSED, }, Latitude= 41.63166616754241, Longitude= -71.00291388915736,  (at simulation time 166.703,800,000 s)
2023-09-25 08:46:11,490 INFO  - ,Received V2X Message from ,rsu_0, InterVehicleMsg{,28, 1458,  41.62984225180874,  -71.00160289947058, Road CLOSED, }, Latitude= 41.63166616754241, Longitude= -71.00291388915736,  (at simulation time 166.801,800,000 s)
2023-09-25 08:46:11,490 INFO  - ,Received V2X Message from ,rsu_0, InterVehicleMsg{,28, 1459,  41.62984225180874,  -71.00160289947058, Road CLOSED, }, Latitude= 41.63166616754241, Longitude= -71.00291388915736,  (at simulation time 166.902,300,000 s)
2023-09-25 08:46:11,491 INFO  - ,Received V2X Message from ,rsu_0, InterVehicleMsg{,28, 1460,  41.62984225180874,  -71.00160289947058, Road CLOSED, }, Latitude= 41.63162093195453, Longitude= -71.00285346184809,  (at simulation time 167.002,800,000 s)
2023-09-25 08:46:11,491 INFO  - ,Received V2X Message from ,rsu_0, InterVehicleMsg{,28, 1461,  41.62984225180874,  -71.00160289947058, Road CLOSED, }, Latitude= 41.63162093195453, Longitude= -71.00285346184809,  (at simulation time 167.103,300,000 s)
2023-09-25 08:46:11,491 INFO  - ,Received V2X Message from ,rsu_0, InterVehicleMsg{,28, 1462,  41.62984225180874,  -71.00160289947058, Road CLOSED, }, Latitude= 41.63162093195453, Longitude= -71.00285346184809,  (at simulation time 167.201,800,000 s)
2023-09-25 08:46:11,492 INFO  - ,Received V2X Message from ,rsu_0, InterVehicleMsg{,28, 1463,  41.62984225180874,  -71.00160289947058, Road CLOSED, }, Latitude= 41.63162093195453, Longitude= -71.00285346184809,  (at simulation time 167.301,800,000 s)
2023-09-25 08:46:11,492 INFO  - ,Received V2X Message from ,rsu_0, InterVehicleMsg{,28, 1464,  41.62984225180874,  -71.00160289947058, Road CLOSED, }, Latitude= 41.63162093195453, Longitude= -71.00285346184809,  (at simulation time 167.402,300,000 s)
2023-09-25 08:46:11,492 INFO  - ,Received V2X Message from ,rsu_0, InterVehicleMsg{,28, 1465,  41.62984225180874,  -71.00160289947058, Road CLOSED, }, Latitude= 41.63162093195453, Longitude= -71.00285346184809,  (at simulation time 167.502,800,000 s)
2023-09-25 08:46:11,492 INFO  - ,Received V2X Message from ,rsu_0, InterVehicleMsg{,28, 1466,  41.62984225180874,  -71.00160289947058, Road CLOSED, }, Latitude= 41.63162093195453, Longitude= -71.00285346184809,  (at simulation time 167.600,800,000 s)
2023-09-25 08:46:11,492 INFO  - ,Received V2X Message from ,rsu_0, InterVehicleMsg{,28, 1467,  41.62984225180874,  -71.00160289947058, Road CLOSED, }, Latitude= 41.63162093195453, Longitude= -71.00285346184809,  (at simulation time 167.703,300,000 s)
2023-09-25 08:46:11,492 INFO  - ,Received V2X Message from ,rsu_0, InterVehicleMsg{,28, 1468,  41.62984225180874,  -71.00160289947058, Road CLOSED, }, Latitude= 41.63162093195453, Longitude= -71.00285346184809,  (at simulation time 167.803,300,000 s)
2023-09-25 08:46:11,492 INFO  - ,Received V2X Message from ,rsu_0, InterVehicleMsg{,28, 1469,  41.62984225180874,  -71.00160289947058, Road CLOSED, }, Latitude= 41.63162093195453, Longitude= -71.00285346184809,  (at simulation time 167.900,800,000 s)
2023-09-25 08:46:11,493 INFO  - ,Received V2X Message from ,rsu_0, InterVehicleMsg{,28, 1470,  41.62984225180874,  -71.00160289947058, Road CLOSED, }, Latitude= 41.63157961414433, Longitude= -71.00280302449768,  (at simulation time 168.002,800,000 s)
2023-09-25 08:46:11,493 INFO  - ,Received V2X Message from ,rsu_0, InterVehicleMsg{,28, 1471,  41.62984225180874,  -71.00160289947058, Road CLOSED, }, Latitude= 41.63157961414433, Longitude= -71.00280302449768,  (at simulation time 168.102,300,000 s)
2023-09-25 08:46:11,494 INFO  - ,Received V2X Message from ,rsu_0, InterVehicleMsg{,28, 1472,  41.62984225180874,  -71.00160289947058, Road CLOSED, }, Latitude= 41.63157961414433, Longitude= -71.00280302449768,  (at simulation time 168.202,800,000 s)
2023-09-25 08:46:11,494 INFO  - ,Received V2X Message from ,rsu_0, InterVehicleMsg{,28, 1473,  41.62984225180874,  -71.00160289947058, Road CLOSED, }, Latitude= 41.63157961414433, Longitude= -71.00280302449768,  (at simulation time 168.302,800,000 s)
2023-09-25 08:46:11,494 INFO  - ,Received V2X Message from ,rsu_0, InterVehicleMsg{,28, 1474,  41.62984225180874,  -71.00160289947058, Road CLOSED, }, Latitude= 41.63157961414433, Longitude= -71.00280302449768,  (at simulation time 168.403,300,000 s)
2023-09-25 08:46:11,494 INFO  - ,Received V2X Message from ,rsu_0, InterVehicleMsg{,28, 1475,  41.62984225180874,  -71.00160289947058, Road CLOSED, }, Latitude= 41.63157961414433, Longitude= -71.00280302449768,  (at simulation time 168.503,300,000 s)
2023-09-25 08:46:11,494 INFO  - ,Received V2X Message from ,rsu_0, InterVehicleMsg{,28, 1476,  41.62984225180874,  -71.00160289947058, Road CLOSED, }, Latitude= 41.63157961414433, Longitude= -71.00280302449768,  (at simulation time 168.603,300,000 s)
2023-09-25 08:46:11,494 INFO  - ,Received V2X Message from ,rsu_0, InterVehicleMsg{,28, 1477,  41.62984225180874,  -71.00160289947058, Road CLOSED, }, Latitude= 41.63157961414433, Longitude= -71.00280302449768,  (at simulation time 168.703,300,000 s)
2023-09-25 08:46:11,495 INFO  - ,Received V2X Message from ,rsu_0, InterVehicleMsg{,28, 1478,  41.62984225180874,  -71.00160289947058, Road CLOSED, }, Latitude= 41.63157961414433, Longitude= -71.00280302449768,  (at simulation time 168.803,300,000 s)
2023-09-25 08:46:11,495 INFO  - ,Received V2X Message from ,rsu_0, InterVehicleMsg{,28, 1479,  41.62984225180874,  -71.00160289947058, Road CLOSED, }, Latitude= 41.63157961414433, Longitude= -71.00280302449768,  (at simulation time 168.902,300,000 s)
2023-09-25 08:46:11,496 INFO  - ,Received V2X Message from ,rsu_0, InterVehicleMsg{,28, 1480,  41.62984225180874,  -71.00160289947058, Road CLOSED, }, Latitude= 41.63153600470417, Longitude= -71.00275179393262,  (at simulation time 169.002,800,000 s)
2023-09-25 08:46:11,496 INFO  - ,Received V2X Message from ,rsu_0, InterVehicleMsg{,28, 1481,  41.62984225180874,  -71.00160289947058, Road CLOSED, }, Latitude= 41.63153600470417, Longitude= -71.00275179393262,  (at simulation time 169.101,300,000 s)
2023-09-25 08:46:11,496 INFO  - ,Received V2X Message from ,rsu_0, InterVehicleMsg{,28, 1482,  41.62984225180874,  -71.00160289947058, Road CLOSED, }, Latitude= 41.63153600470417, Longitude= -71.00275179393262,  (at simulation time 169.202,300,000 s)
2023-09-25 08:46:11,496 INFO  - ,Received V2X Message from ,rsu_0, InterVehicleMsg{,28, 1483,  41.62984225180874,  -71.00160289947058, Road CLOSED, }, Latitude= 41.63153600470417, Longitude= -71.00275179393262,  (at simulation time 169.302,800,000 s)
2023-09-25 08:46:11,496 INFO  - ,Received V2X Message from ,rsu_0, InterVehicleMsg{,28, 1484,  41.62984225180874,  -71.00160289947058, Road CLOSED, }, Latitude= 41.63153600470417, Longitude= -71.00275179393262,  (at simulation time 169.403,300,000 s)
2023-09-25 08:46:11,496 INFO  - ,Received V2X Message from ,rsu_0, InterVehicleMsg{,28, 1485,  41.62984225180874,  -71.00160289947058, Road CLOSED, }, Latitude= 41.63153600470417, Longitude= -71.00275179393262,  (at simulation time 169.504,800,000 s)
2023-09-25 08:46:11,496 INFO  - ,Received V2X Message from ,rsu_0, InterVehicleMsg{,28, 1486,  41.62984225180874,  -71.00160289947058, Road CLOSED, }, Latitude= 41.63153600470417, Longitude= -71.00275179393262,  (at simulation time 169.604,300,000 s)
2023-09-25 08:46:11,497 INFO  - ,Received V2X Message from ,rsu_0, InterVehicleMsg{,28, 1487,  41.62984225180874,  -71.00160289947058, Road CLOSED, }, Latitude= 41.63153600470417, Longitude= -71.00275179393262,  (at simulation time 169.701,800,000 s)
2023-09-25 08:46:11,497 INFO  - ,Received V2X Message from ,rsu_0, InterVehicleMsg{,28, 1488,  41.62984225180874,  -71.00160289947058, Road CLOSED, }, Latitude= 41.63153600470417, Longitude= -71.00275179393262,  (at simulation time 169.803,800,000 s)
2023-09-25 08:46:11,497 INFO  - ,Received V2X Message from ,rsu_0, InterVehicleMsg{,28, 1489,  41.62984225180874,  -71.00160289947058, Road CLOSED, }, Latitude= 41.63153600470417, Longitude= -71.00275179393262,  (at simulation time 169.903,800,000 s)
2023-09-25 08:46:11,499 INFO  - ,Received V2X Message from ,rsu_0, InterVehicleMsg{,28, 1490,  41.62984225180874,  -71.00160289947058, Road CLOSED, }, Latitude= 41.63148945897878, Longitude= -71.00269756842532,  (at simulation time 170.001,800,000 s)
2023-09-25 08:46:11,500 INFO  - ,Received V2X Message from ,rsu_0, InterVehicleMsg{,28, 1491,  41.62984225180874,  -71.00160289947058, Road CLOSED, }, Latitude= 41.63148945897878, Longitude= -71.00269756842532,  (at simulation time 170.101,800,000 s)
2023-09-25 08:46:11,500 INFO  - ,Received V2X Message from ,rsu_0, InterVehicleMsg{,28, 1492,  41.62984225180874,  -71.00160289947058, Road CLOSED, }, Latitude= 41.63148945897878, Longitude= -71.00269756842532,  (at simulation time 170.204,300,000 s)
2023-09-25 08:46:11,500 INFO  - ,Received V2X Message from ,rsu_0, InterVehicleMsg{,28, 1493,  41.62984225180874,  -71.00160289947058, Road CLOSED, }, Latitude= 41.63148945897878, Longitude= -71.00269756842532,  (at simulation time 170.304,800,000 s)
2023-09-25 08:46:11,500 INFO  - ,Received V2X Message from ,rsu_0, InterVehicleMsg{,28, 1494,  41.62984225180874,  -71.00160289947058, Road CLOSED, }, Latitude= 41.63148945897878, Longitude= -71.00269756842532,  (at simulation time 170.402,800,000 s)
2023-09-25 08:46:11,500 INFO  - ,Received V2X Message from ,rsu_0, InterVehicleMsg{,28, 1495,  41.62984225180874,  -71.00160289947058, Road CLOSED, }, Latitude= 41.63148945897878, Longitude= -71.00269756842532,  (at simulation time 170.502,300,000 s)
2023-09-25 08:46:11,500 INFO  - ,Received V2X Message from ,rsu_0, InterVehicleMsg{,28, 1496,  41.62984225180874,  -71.00160289947058, Road CLOSED, }, Latitude= 41.63148945897878, Longitude= -71.00269756842532,  (at simulation time 170.602,300,000 s)
2023-09-25 08:46:11,501 INFO  - ,Received V2X Message from ,rsu_0, InterVehicleMsg{,28, 1497,  41.62984225180874,  -71.00160289947058, Road CLOSED, }, Latitude= 41.63148945897878, Longitude= -71.00269756842532,  (at simulation time 170.702,300,000 s)
2023-09-25 08:46:11,501 INFO  - ,Received V2X Message from ,rsu_0, InterVehicleMsg{,28, 1498,  41.62984225180874,  -71.00160289947058, Road CLOSED, }, Latitude= 41.63148945897878, Longitude= -71.00269756842532,  (at simulation time 170.804,300,000 s)
2023-09-25 08:46:11,501 INFO  - ,Received V2X Message from ,rsu_0, InterVehicleMsg{,28, 1499,  41.62984225180874,  -71.00160289947058, Road CLOSED, }, Latitude= 41.63148945897878, Longitude= -71.00269756842532,  (at simulation time 170.901,800,000 s)
2023-09-25 08:46:11,502 INFO  - ,Received V2X Message from ,rsu_0, InterVehicleMsg{,28, 1500,  41.62984225180874,  -71.00160289947058, Road CLOSED, }, Latitude= 41.63144291659925, Longitude= -71.00264953692205,  (at simulation time 171.003,800,000 s)
2023-09-25 08:46:11,502 INFO  - ,Received V2X Message from ,rsu_0, InterVehicleMsg{,28, 1501,  41.62984225180874,  -71.00160289947058, Road CLOSED, }, Latitude= 41.63144291659925, Longitude= -71.00264953692205,  (at simulation time 171.102,300,000 s)
2023-09-25 08:46:11,502 INFO  - ,Received V2X Message from ,rsu_0, InterVehicleMsg{,28, 1502,  41.62984225180874,  -71.00160289947058, Road CLOSED, }, Latitude= 41.63144291659925, Longitude= -71.00264953692205,  (at simulation time 171.202,800,000 s)
2023-09-25 08:46:11,502 INFO  - ,Received V2X Message from ,rsu_0, InterVehicleMsg{,28, 1503,  41.62984225180874,  -71.00160289947058, Road CLOSED, }, Latitude= 41.63144291659925, Longitude= -71.00264953692205,  (at simulation time 171.301,300,000 s)
2023-09-25 08:46:11,503 INFO  - ,Received V2X Message from ,rsu_0, InterVehicleMsg{,28, 1504,  41.62984225180874,  -71.00160289947058, Road CLOSED, }, Latitude= 41.63144291659925, Longitude= -71.00264953692205,  (at simulation time 171.402,300,000 s)
2023-09-25 08:46:11,503 INFO  - ,Received V2X Message from ,rsu_0, InterVehicleMsg{,28, 1505,  41.62984225180874,  -71.00160289947058, Road CLOSED, }, Latitude= 41.63144291659925, Longitude= -71.00264953692205,  (at simulation time 171.501,800,000 s)
2023-09-25 08:46:11,503 INFO  - ,Received V2X Message from ,rsu_0, InterVehicleMsg{,28, 1506,  41.62984225180874,  -71.00160289947058, Road CLOSED, }, Latitude= 41.63144291659925, Longitude= -71.00264953692205,  (at simulation time 171.604,300,000 s)
2023-09-25 08:46:11,503 INFO  - ,Received V2X Message from ,rsu_0, InterVehicleMsg{,28, 1507,  41.62984225180874,  -71.00160289947058, Road CLOSED, }, Latitude= 41.63144291659925, Longitude= -71.00264953692205,  (at simulation time 171.702,300,000 s)
2023-09-25 08:46:11,503 INFO  - ,Received V2X Message from ,rsu_0, InterVehicleMsg{,28, 1508,  41.62984225180874,  -71.00160289947058, Road CLOSED, }, Latitude= 41.63144291659925, Longitude= -71.00264953692205,  (at simulation time 171.801,800,000 s)
2023-09-25 08:46:11,503 INFO  - ,Received V2X Message from ,rsu_0, InterVehicleMsg{,28, 1509,  41.62984225180874,  -71.00160289947058, Road CLOSED, }, Latitude= 41.63144291659925, Longitude= -71.00264953692205,  (at simulation time 171.903,300,000 s)
2023-09-25 08:46:11,504 INFO  - ,Received V2X Message from ,rsu_0, InterVehicleMsg{,28, 1510,  41.62984225180874,  -71.00160289947058, Road CLOSED, }, Latitude= 41.63139332293808, Longitude= -71.00259835661298,  (at simulation time 172.000,800,000 s)
2023-09-25 08:46:11,504 INFO  - ,Received V2X Message from ,rsu_0, InterVehicleMsg{,28, 1511,  41.62984225180874,  -71.00160289947058, Road CLOSED, }, Latitude= 41.63139332293808, Longitude= -71.00259835661298,  (at simulation time 172.103,300,000 s)
2023-09-25 08:46:11,504 INFO  - ,Received V2X Message from ,rsu_0, InterVehicleMsg{,28, 1512,  41.62984225180874,  -71.00160289947058, Road CLOSED, }, Latitude= 41.63139332293808, Longitude= -71.00259835661298,  (at simulation time 172.202,800,000 s)
2023-09-25 08:46:11,505 INFO  - ,Received V2X Message from ,rsu_0, InterVehicleMsg{,28, 1513,  41.62984225180874,  -71.00160289947058, Road CLOSED, }, Latitude= 41.63139332293808, Longitude= -71.00259835661298,  (at simulation time 172.304,300,000 s)
2023-09-25 08:46:11,505 INFO  - ,Received V2X Message from ,rsu_0, InterVehicleMsg{,28, 1514,  41.62984225180874,  -71.00160289947058, Road CLOSED, }, Latitude= 41.63139332293808, Longitude= -71.00259835661298,  (at simulation time 172.404,800,000 s)
2023-09-25 08:46:11,505 INFO  - ,Received V2X Message from ,rsu_0, InterVehicleMsg{,28, 1515,  41.62984225180874,  -71.00160289947058, Road CLOSED, }, Latitude= 41.63139332293808, Longitude= -71.00259835661298,  (at simulation time 172.503,300,000 s)
2023-09-25 08:46:11,505 INFO  - ,Received V2X Message from ,rsu_0, InterVehicleMsg{,28, 1516,  41.62984225180874,  -71.00160289947058, Road CLOSED, }, Latitude= 41.63139332293808, Longitude= -71.00259835661298,  (at simulation time 172.602,800,000 s)
2023-09-25 08:46:11,505 INFO  - ,Received V2X Message from ,rsu_0, InterVehicleMsg{,28, 1517,  41.62984225180874,  -71.00160289947058, Road CLOSED, }, Latitude= 41.63139332293808, Longitude= -71.00259835661298,  (at simulation time 172.702,300,000 s)
2023-09-25 08:46:11,505 INFO  - ,Received V2X Message from ,rsu_0, InterVehicleMsg{,28, 1518,  41.62984225180874,  -71.00160289947058, Road CLOSED, }, Latitude= 41.63139332293808, Longitude= -71.00259835661298,  (at simulation time 172.804,300,000 s)
2023-09-25 08:46:11,506 INFO  - ,Received V2X Message from ,rsu_0, InterVehicleMsg{,28, 1519,  41.62984225180874,  -71.00160289947058, Road CLOSED, }, Latitude= 41.63139332293808, Longitude= -71.00259835661298,  (at simulation time 172.902,800,000 s)
2023-09-25 08:46:11,506 INFO  - ,Received V2X Message from ,rsu_0, InterVehicleMsg{,28, 1520,  41.62984225180874,  -71.00160289947058, Road CLOSED, }, Latitude= 41.63134221645093, Longitude= -71.00254922950876,  (at simulation time 173.002,300,000 s)
2023-09-25 08:46:11,507 INFO  - ,Received V2X Message from ,rsu_0, InterVehicleMsg{,28, 1521,  41.62984225180874,  -71.00160289947058, Road CLOSED, }, Latitude= 41.63134221645093, Longitude= -71.00254922950876,  (at simulation time 173.103,300,000 s)
2023-09-25 08:46:11,507 INFO  - ,Received V2X Message from ,rsu_0, InterVehicleMsg{,28, 1522,  41.62984225180874,  -71.00160289947058, Road CLOSED, }, Latitude= 41.63134221645093, Longitude= -71.00254922950876,  (at simulation time 173.201,800,000 s)
2023-09-25 08:46:11,507 INFO  - ,Received V2X Message from ,rsu_0, InterVehicleMsg{,28, 1523,  41.62984225180874,  -71.00160289947058, Road CLOSED, }, Latitude= 41.63134221645093, Longitude= -71.00254922950876,  (at simulation time 173.302,800,000 s)
2023-09-25 08:46:11,507 INFO  - ,Received V2X Message from ,rsu_0, InterVehicleMsg{,28, 1524,  41.62984225180874,  -71.00160289947058, Road CLOSED, }, Latitude= 41.63134221645093, Longitude= -71.00254922950876,  (at simulation time 173.404,800,000 s)
2023-09-25 08:46:11,507 INFO  - ,Received V2X Message from ,rsu_0, InterVehicleMsg{,28, 1525,  41.62984225180874,  -71.00160289947058, Road CLOSED, }, Latitude= 41.63134221645093, Longitude= -71.00254922950876,  (at simulation time 173.502,800,000 s)
2023-09-25 08:46:11,507 INFO  - ,Received V2X Message from ,rsu_0, InterVehicleMsg{,28, 1526,  41.62984225180874,  -71.00160289947058, Road CLOSED, }, Latitude= 41.63134221645093, Longitude= -71.00254922950876,  (at simulation time 173.602,300,000 s)
2023-09-25 08:46:11,507 INFO  - ,Received V2X Message from ,rsu_0, InterVehicleMsg{,28, 1527,  41.62984225180874,  -71.00160289947058, Road CLOSED, }, Latitude= 41.63134221645093, Longitude= -71.00254922950876,  (at simulation time 173.702,800,000 s)
2023-09-25 08:46:11,508 INFO  - ,Received V2X Message from ,rsu_0, InterVehicleMsg{,28, 1528,  41.62984225180874,  -71.00160289947058, Road CLOSED, }, Latitude= 41.63134221645093, Longitude= -71.00254922950876,  (at simulation time 173.803,300,000 s)
2023-09-25 08:46:11,508 INFO  - ,Received V2X Message from ,rsu_0, InterVehicleMsg{,28, 1529,  41.62984225180874,  -71.00160289947058, Road CLOSED, }, Latitude= 41.63134221645093, Longitude= -71.00254922950876,  (at simulation time 173.902,300,000 s)
2023-09-25 08:46:11,509 INFO  - ,Received V2X Message from ,rsu_0, InterVehicleMsg{,28, 1530,  41.62984225180874,  -71.00160289947058, Road CLOSED, }, Latitude= 41.631291697233046, Longitude= -71.00250370451373,  (at simulation time 174.003,300,000 s)
2023-09-25 08:46:11,509 INFO  - ,Received V2X Message from ,rsu_0, InterVehicleMsg{,28, 1531,  41.62984225180874,  -71.00160289947058, Road CLOSED, }, Latitude= 41.631291697233046, Longitude= -71.00250370451373,  (at simulation time 174.102,300,000 s)
2023-09-25 08:46:11,509 INFO  - ,Received V2X Message from ,rsu_0, InterVehicleMsg{,28, 1532,  41.62984225180874,  -71.00160289947058, Road CLOSED, }, Latitude= 41.631291697233046, Longitude= -71.00250370451373,  (at simulation time 174.203,300,000 s)
2023-09-25 08:46:11,509 INFO  - ,Received V2X Message from ,rsu_0, InterVehicleMsg{,28, 1533,  41.62984225180874,  -71.00160289947058, Road CLOSED, }, Latitude= 41.631291697233046, Longitude= -71.00250370451373,  (at simulation time 174.304,300,000 s)
2023-09-25 08:46:11,509 INFO  - ,Received V2X Message from ,rsu_0, InterVehicleMsg{,28, 1534,  41.62984225180874,  -71.00160289947058, Road CLOSED, }, Latitude= 41.631291697233046, Longitude= -71.00250370451373,  (at simulation time 174.403,300,000 s)
2023-09-25 08:46:11,510 INFO  - ,Received V2X Message from ,rsu_0, InterVehicleMsg{,28, 1535,  41.62984225180874,  -71.00160289947058, Road CLOSED, }, Latitude= 41.631291697233046, Longitude= -71.00250370451373,  (at simulation time 174.503,800,000 s)
2023-09-25 08:46:11,510 INFO  - ,Received V2X Message from ,rsu_0, InterVehicleMsg{,28, 1536,  41.62984225180874,  -71.00160289947058, Road CLOSED, }, Latitude= 41.631291697233046, Longitude= -71.00250370451373,  (at simulation time 174.601,800,000 s)
2023-09-25 08:46:11,510 INFO  - ,Received V2X Message from ,rsu_0, InterVehicleMsg{,28, 1537,  41.62984225180874,  -71.00160289947058, Road CLOSED, }, Latitude= 41.631291697233046, Longitude= -71.00250370451373,  (at simulation time 174.703,300,000 s)
2023-09-25 08:46:11,510 INFO  - ,Received V2X Message from ,rsu_0, InterVehicleMsg{,28, 1538,  41.62984225180874,  -71.00160289947058, Road CLOSED, }, Latitude= 41.631291697233046, Longitude= -71.00250370451373,  (at simulation time 174.803,300,000 s)
2023-09-25 08:46:11,510 INFO  - ,Received V2X Message from ,rsu_0, InterVehicleMsg{,28, 1539,  41.62984225180874,  -71.00160289947058, Road CLOSED, }, Latitude= 41.631291697233046, Longitude= -71.00250370451373,  (at simulation time 174.904,300,000 s)
2023-09-25 08:46:11,512 INFO  - ,Received V2X Message from ,rsu_0, InterVehicleMsg{,28, 1540,  41.62984225180874,  -71.00160289947058, Road CLOSED, }, Latitude= 41.631242337564125, Longitude= -71.00245922452405,  (at simulation time 175.001,800,000 s)
2023-09-25 08:46:11,512 INFO  - ,Received V2X Message from ,rsu_0, InterVehicleMsg{,28, 1541,  41.62984225180874,  -71.00160289947058, Road CLOSED, }, Latitude= 41.631242337564125, Longitude= -71.00245922452405,  (at simulation time 175.104,800,000 s)
2023-09-25 08:46:11,512 INFO  - ,Received V2X Message from ,rsu_0, InterVehicleMsg{,28, 1542,  41.62984225180874,  -71.00160289947058, Road CLOSED, }, Latitude= 41.631242337564125, Longitude= -71.00245922452405,  (at simulation time 175.203,300,000 s)
2023-09-25 08:46:11,512 INFO  - ,Received V2X Message from ,rsu_0, InterVehicleMsg{,28, 1543,  41.62984225180874,  -71.00160289947058, Road CLOSED, }, Latitude= 41.631242337564125, Longitude= -71.00245922452405,  (at simulation time 175.303,800,000 s)
2023-09-25 08:46:11,512 INFO  - ,Received V2X Message from ,rsu_0, InterVehicleMsg{,28, 1544,  41.62984225180874,  -71.00160289947058, Road CLOSED, }, Latitude= 41.631242337564125, Longitude= -71.00245922452405,  (at simulation time 175.402,800,000 s)
2023-09-25 08:46:11,512 INFO  - ,Received V2X Message from ,rsu_0, InterVehicleMsg{,28, 1545,  41.62984225180874,  -71.00160289947058, Road CLOSED, }, Latitude= 41.631242337564125, Longitude= -71.00245922452405,  (at simulation time 175.502,300,000 s)
2023-09-25 08:46:11,512 INFO  - ,Received V2X Message from ,rsu_0, InterVehicleMsg{,28, 1546,  41.62984225180874,  -71.00160289947058, Road CLOSED, }, Latitude= 41.631242337564125, Longitude= -71.00245922452405,  (at simulation time 175.603,800,000 s)
2023-09-25 08:46:11,513 INFO  - ,Received V2X Message from ,rsu_0, InterVehicleMsg{,28, 1547,  41.62984225180874,  -71.00160289947058, Road CLOSED, }, Latitude= 41.631242337564125, Longitude= -71.00245922452405,  (at simulation time 175.702,300,000 s)
2023-09-25 08:46:11,513 INFO  - ,Received V2X Message from ,rsu_0, InterVehicleMsg{,28, 1548,  41.62984225180874,  -71.00160289947058, Road CLOSED, }, Latitude= 41.631242337564125, Longitude= -71.00245922452405,  (at simulation time 175.802,800,000 s)
2023-09-25 08:46:11,513 INFO  - ,Received V2X Message from ,rsu_0, InterVehicleMsg{,28, 1549,  41.62984225180874,  -71.00160289947058, Road CLOSED, }, Latitude= 41.631242337564125, Longitude= -71.00245922452405,  (at simulation time 175.902,800,000 s)
2023-09-25 08:46:11,514 INFO  - ,Received V2X Message from ,rsu_0, InterVehicleMsg{,28, 1550,  41.62984225180874,  -71.00160289947058, Road CLOSED, }, Latitude= 41.631192727303336, Longitude= -71.00242028936049,  (at simulation time 176.001,300,000 s)
2023-09-25 08:46:11,514 INFO  - ,Received V2X Message from ,rsu_0, InterVehicleMsg{,28, 1551,  41.62984225180874,  -71.00160289947058, Road CLOSED, }, Latitude= 41.631192727303336, Longitude= -71.00242028936049,  (at simulation time 176.104,800,000 s)
2023-09-25 08:46:11,514 INFO  - ,Received V2X Message from ,rsu_0, InterVehicleMsg{,28, 1552,  41.62984225180874,  -71.00160289947058, Road CLOSED, }, Latitude= 41.631192727303336, Longitude= -71.00242028936049,  (at simulation time 176.204,800,000 s)
2023-09-25 08:46:11,514 INFO  - ,Received V2X Message from ,rsu_0, InterVehicleMsg{,28, 1553,  41.62984225180874,  -71.00160289947058, Road CLOSED, }, Latitude= 41.631192727303336, Longitude= -71.00242028936049,  (at simulation time 176.303,300,000 s)
2023-09-25 08:46:11,514 INFO  - ,Received V2X Message from ,rsu_0, InterVehicleMsg{,28, 1554,  41.62984225180874,  -71.00160289947058, Road CLOSED, }, Latitude= 41.631192727303336, Longitude= -71.00242028936049,  (at simulation time 176.402,300,000 s)
2023-09-25 08:46:11,515 INFO  - ,Received V2X Message from ,rsu_0, InterVehicleMsg{,28, 1555,  41.62984225180874,  -71.00160289947058, Road CLOSED, }, Latitude= 41.631192727303336, Longitude= -71.00242028936049,  (at simulation time 176.501,800,000 s)
2023-09-25 08:46:11,515 INFO  - ,Received V2X Message from ,rsu_0, InterVehicleMsg{,28, 1556,  41.62984225180874,  -71.00160289947058, Road CLOSED, }, Latitude= 41.631192727303336, Longitude= -71.00242028936049,  (at simulation time 176.602,300,000 s)
2023-09-25 08:46:11,515 INFO  - ,Received V2X Message from ,rsu_0, InterVehicleMsg{,28, 1557,  41.62984225180874,  -71.00160289947058, Road CLOSED, }, Latitude= 41.631192727303336, Longitude= -71.00242028936049,  (at simulation time 176.701,800,000 s)
2023-09-25 08:46:11,515 INFO  - ,Received V2X Message from ,rsu_0, InterVehicleMsg{,28, 1558,  41.62984225180874,  -71.00160289947058, Road CLOSED, }, Latitude= 41.631192727303336, Longitude= -71.00242028936049,  (at simulation time 176.801,800,000 s)
2023-09-25 08:46:11,515 INFO  - ,Received V2X Message from ,rsu_0, InterVehicleMsg{,28, 1559,  41.62984225180874,  -71.00160289947058, Road CLOSED, }, Latitude= 41.631192727303336, Longitude= -71.00242028936049,  (at simulation time 176.901,300,000 s)
2023-09-25 08:46:11,517 INFO  - ,Received V2X Message from ,rsu_0, InterVehicleMsg{,28, 1560,  41.62984225180874,  -71.00160289947058, Road CLOSED, }, Latitude= 41.63114192302473, Longitude= -71.00238054806572,  (at simulation time 177.004,300,000 s)
2023-09-25 08:46:11,517 INFO  - ,Received V2X Message from ,rsu_0, InterVehicleMsg{,28, 1561,  41.62984225180874,  -71.00160289947058, Road CLOSED, }, Latitude= 41.63114192302473, Longitude= -71.00238054806572,  (at simulation time 177.101,800,000 s)
2023-09-25 08:46:11,517 INFO  - ,Received V2X Message from ,rsu_0, InterVehicleMsg{,28, 1562,  41.62984225180874,  -71.00160289947058, Road CLOSED, }, Latitude= 41.63114192302473, Longitude= -71.00238054806572,  (at simulation time 177.204,300,000 s)
2023-09-25 08:46:11,517 INFO  - ,Received V2X Message from ,rsu_0, InterVehicleMsg{,28, 1563,  41.62984225180874,  -71.00160289947058, Road CLOSED, }, Latitude= 41.63114192302473, Longitude= -71.00238054806572,  (at simulation time 177.301,800,000 s)
2023-09-25 08:46:11,518 INFO  - ,Received V2X Message from ,rsu_0, InterVehicleMsg{,28, 1564,  41.62984225180874,  -71.00160289947058, Road CLOSED, }, Latitude= 41.63114192302473, Longitude= -71.00238054806572,  (at simulation time 177.402,800,000 s)
2023-09-25 08:46:11,518 INFO  - ,Received V2X Message from ,rsu_0, InterVehicleMsg{,28, 1565,  41.62984225180874,  -71.00160289947058, Road CLOSED, }, Latitude= 41.63114192302473, Longitude= -71.00238054806572,  (at simulation time 177.503,800,000 s)
2023-09-25 08:46:11,518 INFO  - ,Received V2X Message from ,rsu_0, InterVehicleMsg{,28, 1566,  41.62984225180874,  -71.00160289947058, Road CLOSED, }, Latitude= 41.63114192302473, Longitude= -71.00238054806572,  (at simulation time 177.602,800,000 s)
2023-09-25 08:46:11,518 INFO  - ,Received V2X Message from ,rsu_0, InterVehicleMsg{,28, 1567,  41.62984225180874,  -71.00160289947058, Road CLOSED, }, Latitude= 41.63114192302473, Longitude= -71.00238054806572,  (at simulation time 177.701,800,000 s)
2023-09-25 08:46:11,518 INFO  - ,Received V2X Message from ,rsu_0, InterVehicleMsg{,28, 1568,  41.62984225180874,  -71.00160289947058, Road CLOSED, }, Latitude= 41.63114192302473, Longitude= -71.00238054806572,  (at simulation time 177.802,800,000 s)
2023-09-25 08:46:11,519 INFO  - ,Received V2X Message from ,rsu_0, InterVehicleMsg{,28, 1569,  41.62984225180874,  -71.00160289947058, Road CLOSED, }, Latitude= 41.63114192302473, Longitude= -71.00238054806572,  (at simulation time 177.903,800,000 s)
2023-09-25 08:46:11,520 INFO  - ,Received V2X Message from ,rsu_0, InterVehicleMsg{,28, 1570,  41.62984225180874,  -71.00160289947058, Road CLOSED, }, Latitude= 41.631089482001556, Longitude= -71.0023415384902,  (at simulation time 178.003,800,000 s)
2023-09-25 08:46:11,520 INFO  - ,Received V2X Message from ,rsu_0, InterVehicleMsg{,28, 1571,  41.62984225180874,  -71.00160289947058, Road CLOSED, }, Latitude= 41.631089482001556, Longitude= -71.0023415384902,  (at simulation time 178.101,300,000 s)
2023-09-25 08:46:11,520 INFO  - ,Received V2X Message from ,rsu_0, InterVehicleMsg{,28, 1572,  41.62984225180874,  -71.00160289947058, Road CLOSED, }, Latitude= 41.631089482001556, Longitude= -71.0023415384902,  (at simulation time 178.202,800,000 s)
2023-09-25 08:46:11,520 INFO  - ,Received V2X Message from ,rsu_0, InterVehicleMsg{,28, 1573,  41.62984225180874,  -71.00160289947058, Road CLOSED, }, Latitude= 41.631089482001556, Longitude= -71.0023415384902,  (at simulation time 178.303,300,000 s)
2023-09-25 08:46:11,520 INFO  - ,Received V2X Message from ,rsu_0, InterVehicleMsg{,28, 1574,  41.62984225180874,  -71.00160289947058, Road CLOSED, }, Latitude= 41.631089482001556, Longitude= -71.0023415384902,  (at simulation time 178.402,800,000 s)
2023-09-25 08:46:11,520 INFO  - ,Received V2X Message from ,rsu_0, InterVehicleMsg{,28, 1575,  41.62984225180874,  -71.00160289947058, Road CLOSED, }, Latitude= 41.631089482001556, Longitude= -71.0023415384902,  (at simulation time 178.502,800,000 s)
2023-09-25 08:46:11,520 INFO  - ,Received V2X Message from ,rsu_0, InterVehicleMsg{,28, 1576,  41.62984225180874,  -71.00160289947058, Road CLOSED, }, Latitude= 41.631089482001556, Longitude= -71.0023415384902,  (at simulation time 178.603,800,000 s)
2023-09-25 08:46:11,521 INFO  - ,Received V2X Message from ,rsu_0, InterVehicleMsg{,28, 1577,  41.62984225180874,  -71.00160289947058, Road CLOSED, }, Latitude= 41.631089482001556, Longitude= -71.0023415384902,  (at simulation time 178.702,800,000 s)
2023-09-25 08:46:11,521 INFO  - ,Received V2X Message from ,rsu_0, InterVehicleMsg{,28, 1578,  41.62984225180874,  -71.00160289947058, Road CLOSED, }, Latitude= 41.631089482001556, Longitude= -71.0023415384902,  (at simulation time 178.804,800,000 s)
2023-09-25 08:46:11,521 INFO  - ,Received V2X Message from ,rsu_0, InterVehicleMsg{,28, 1579,  41.62984225180874,  -71.00160289947058, Road CLOSED, }, Latitude= 41.631089482001556, Longitude= -71.0023415384902,  (at simulation time 178.902,800,000 s)
2023-09-25 08:46:11,522 INFO  - ,Received V2X Message from ,rsu_0, InterVehicleMsg{,28, 1580,  41.62984225180874,  -71.00160289947058, Road CLOSED, }, Latitude= 41.63103240521756, Longitude= -71.00230331462556,  (at simulation time 179.001,800,000 s)
2023-09-25 08:46:11,522 INFO  - ,Received V2X Message from ,rsu_0, InterVehicleMsg{,28, 1581,  41.62984225180874,  -71.00160289947058, Road CLOSED, }, Latitude= 41.63103240521756, Longitude= -71.00230331462556,  (at simulation time 179.102,300,000 s)
2023-09-25 08:46:11,522 INFO  - ,Received V2X Message from ,rsu_0, InterVehicleMsg{,28, 1582,  41.62984225180874,  -71.00160289947058, Road CLOSED, }, Latitude= 41.63103240521756, Longitude= -71.00230331462556,  (at simulation time 179.204,300,000 s)
2023-09-25 08:46:11,522 INFO  - ,Received V2X Message from ,rsu_0, InterVehicleMsg{,28, 1583,  41.62984225180874,  -71.00160289947058, Road CLOSED, }, Latitude= 41.63103240521756, Longitude= -71.00230331462556,  (at simulation time 179.304,800,000 s)
2023-09-25 08:46:11,522 INFO  - ,Received V2X Message from ,rsu_0, InterVehicleMsg{,28, 1584,  41.62984225180874,  -71.00160289947058, Road CLOSED, }, Latitude= 41.63103240521756, Longitude= -71.00230331462556,  (at simulation time 179.401,800,000 s)
2023-09-25 08:46:11,522 INFO  - ,Received V2X Message from ,rsu_0, InterVehicleMsg{,28, 1585,  41.62984225180874,  -71.00160289947058, Road CLOSED, }, Latitude= 41.63103240521756, Longitude= -71.00230331462556,  (at simulation time 179.503,300,000 s)
2023-09-25 08:46:11,523 INFO  - ,Received V2X Message from ,rsu_0, InterVehicleMsg{,28, 1586,  41.62984225180874,  -71.00160289947058, Road CLOSED, }, Latitude= 41.63103240521756, Longitude= -71.00230331462556,  (at simulation time 179.602,300,000 s)
2023-09-25 08:46:11,523 INFO  - ,Received V2X Message from ,rsu_0, InterVehicleMsg{,28, 1587,  41.62984225180874,  -71.00160289947058, Road CLOSED, }, Latitude= 41.63103240521756, Longitude= -71.00230331462556,  (at simulation time 179.703,800,000 s)
2023-09-25 08:46:11,523 INFO  - ,Received V2X Message from ,rsu_0, InterVehicleMsg{,28, 1588,  41.62984225180874,  -71.00160289947058, Road CLOSED, }, Latitude= 41.63103240521756, Longitude= -71.00230331462556,  (at simulation time 179.803,800,000 s)
2023-09-25 08:46:11,523 INFO  - ,Received V2X Message from ,rsu_0, InterVehicleMsg{,28, 1589,  41.62984225180874,  -71.00160289947058, Road CLOSED, }, Latitude= 41.63103240521756, Longitude= -71.00230331462556,  (at simulation time 179.902,800,000 s)
2023-09-25 08:46:11,525 INFO  - ,Received V2X Message from ,rsu_0, InterVehicleMsg{,28, 1590,  41.62984225180874,  -71.00160289947058, Road CLOSED, }, Latitude= 41.63097529931879, Longitude= -71.0022650713419,  (at simulation time 180.003,800,000 s)
2023-09-25 08:46:11,525 INFO  - ,Received V2X Message from ,rsu_0, InterVehicleMsg{,28, 1591,  41.62984225180874,  -71.00160289947058, Road CLOSED, }, Latitude= 41.63097529931879, Longitude= -71.0022650713419,  (at simulation time 180.103,300,000 s)
2023-09-25 08:46:11,525 INFO  - ,Received V2X Message from ,rsu_0, InterVehicleMsg{,28, 1592,  41.62984225180874,  -71.00160289947058, Road CLOSED, }, Latitude= 41.63097529931879, Longitude= -71.0022650713419,  (at simulation time 180.204,800,000 s)
2023-09-25 08:46:11,525 INFO  - ,Received V2X Message from ,rsu_0, InterVehicleMsg{,28, 1593,  41.62984225180874,  -71.00160289947058, Road CLOSED, }, Latitude= 41.63097529931879, Longitude= -71.0022650713419,  (at simulation time 180.304,800,000 s)
2023-09-25 08:46:11,525 INFO  - ,Received V2X Message from ,rsu_0, InterVehicleMsg{,28, 1594,  41.62984225180874,  -71.00160289947058, Road CLOSED, }, Latitude= 41.63097529931879, Longitude= -71.0022650713419,  (at simulation time 180.403,800,000 s)
2023-09-25 08:46:11,526 INFO  - ,Received V2X Message from ,rsu_0, InterVehicleMsg{,28, 1595,  41.62984225180874,  -71.00160289947058, Road CLOSED, }, Latitude= 41.63097529931879, Longitude= -71.0022650713419,  (at simulation time 180.500,800,000 s)
2023-09-25 08:46:11,526 INFO  - ,Received V2X Message from ,rsu_0, InterVehicleMsg{,28, 1596,  41.62984225180874,  -71.00160289947058, Road CLOSED, }, Latitude= 41.63097529931879, Longitude= -71.0022650713419,  (at simulation time 180.601,800,000 s)
2023-09-25 08:46:11,526 INFO  - ,Received V2X Message from ,rsu_0, InterVehicleMsg{,28, 1597,  41.62984225180874,  -71.00160289947058, Road CLOSED, }, Latitude= 41.63097529931879, Longitude= -71.0022650713419,  (at simulation time 180.702,800,000 s)
2023-09-25 08:46:11,526 INFO  - ,Received V2X Message from ,rsu_0, InterVehicleMsg{,28, 1598,  41.62984225180874,  -71.00160289947058, Road CLOSED, }, Latitude= 41.63097529931879, Longitude= -71.0022650713419,  (at simulation time 180.803,300,000 s)
2023-09-25 08:46:11,526 INFO  - ,Received V2X Message from ,rsu_0, InterVehicleMsg{,28, 1599,  41.62984225180874,  -71.00160289947058, Road CLOSED, }, Latitude= 41.63097529931879, Longitude= -71.0022650713419,  (at simulation time 180.904,800,000 s)
2023-09-25 08:46:11,527 INFO  - ,Received V2X Message from ,rsu_0, InterVehicleMsg{,28, 1600,  41.62984225180874,  -71.00160289947058, Road CLOSED, }, Latitude= 41.630912268101376, Longitude= -71.00222873539765,  (at simulation time 181.001,300,000 s)
2023-09-25 08:46:11,527 INFO  - ,Received V2X Message from ,rsu_0, InterVehicleMsg{,28, 1601,  41.62984225180874,  -71.00160289947058, Road CLOSED, }, Latitude= 41.630912268101376, Longitude= -71.00222873539765,  (at simulation time 181.102,800,000 s)
2023-09-25 08:46:11,527 INFO  - ,Received V2X Message from ,rsu_0, InterVehicleMsg{,28, 1602,  41.62984225180874,  -71.00160289947058, Road CLOSED, }, Latitude= 41.630912268101376, Longitude= -71.00222873539765,  (at simulation time 181.202,300,000 s)
2023-09-25 08:46:11,527 INFO  - ,Received V2X Message from ,rsu_0, InterVehicleMsg{,28, 1603,  41.62984225180874,  -71.00160289947058, Road CLOSED, }, Latitude= 41.630912268101376, Longitude= -71.00222873539765,  (at simulation time 181.301,300,000 s)
2023-09-25 08:46:11,528 INFO  - ,Received V2X Message from ,rsu_0, InterVehicleMsg{,28, 1604,  41.62984225180874,  -71.00160289947058, Road CLOSED, }, Latitude= 41.630912268101376, Longitude= -71.00222873539765,  (at simulation time 181.402,300,000 s)
2023-09-25 08:46:11,528 INFO  - ,Received V2X Message from ,rsu_0, InterVehicleMsg{,28, 1605,  41.62984225180874,  -71.00160289947058, Road CLOSED, }, Latitude= 41.630912268101376, Longitude= -71.00222873539765,  (at simulation time 181.502,800,000 s)
2023-09-25 08:46:11,528 INFO  - ,Received V2X Message from ,rsu_0, InterVehicleMsg{,28, 1606,  41.62984225180874,  -71.00160289947058, Road CLOSED, }, Latitude= 41.630912268101376, Longitude= -71.00222873539765,  (at simulation time 181.601,800,000 s)
2023-09-25 08:46:11,528 INFO  - ,Received V2X Message from ,rsu_0, InterVehicleMsg{,28, 1607,  41.62984225180874,  -71.00160289947058, Road CLOSED, }, Latitude= 41.630912268101376, Longitude= -71.00222873539765,  (at simulation time 181.701,800,000 s)
2023-09-25 08:46:11,528 INFO  - ,Received V2X Message from ,rsu_0, InterVehicleMsg{,28, 1608,  41.62984225180874,  -71.00160289947058, Road CLOSED, }, Latitude= 41.630912268101376, Longitude= -71.00222873539765,  (at simulation time 181.803,300,000 s)
2023-09-25 08:46:11,528 INFO  - ,Received V2X Message from ,rsu_0, InterVehicleMsg{,28, 1609,  41.62984225180874,  -71.00160289947058, Road CLOSED, }, Latitude= 41.630912268101376, Longitude= -71.00222873539765,  (at simulation time 181.902,800,000 s)
2023-09-25 08:46:11,529 INFO  - ,Received V2X Message from ,rsu_0, InterVehicleMsg{,28, 1610,  41.62984225180874,  -71.00160289947058, Road CLOSED, }, Latitude= 41.630849520414735, Longitude= -71.00219325225427,  (at simulation time 182.002,300,000 s)
2023-09-25 08:46:11,529 INFO  - ,Received V2X Message from ,rsu_0, InterVehicleMsg{,28, 1611,  41.62984225180874,  -71.00160289947058, Road CLOSED, }, Latitude= 41.630849520414735, Longitude= -71.00219325225427,  (at simulation time 182.102,300,000 s)
2023-09-25 08:46:11,529 INFO  - ,Received V2X Message from ,rsu_0, InterVehicleMsg{,28, 1612,  41.62984225180874,  -71.00160289947058, Road CLOSED, }, Latitude= 41.630849520414735, Longitude= -71.00219325225427,  (at simulation time 182.203,800,000 s)
2023-09-25 08:46:11,530 INFO  - ,Received V2X Message from ,rsu_0, InterVehicleMsg{,28, 1613,  41.62984225180874,  -71.00160289947058, Road CLOSED, }, Latitude= 41.630849520414735, Longitude= -71.00219325225427,  (at simulation time 182.303,800,000 s)
2023-09-25 08:46:11,530 INFO  - ,Received V2X Message from ,rsu_0, InterVehicleMsg{,28, 1614,  41.62984225180874,  -71.00160289947058, Road CLOSED, }, Latitude= 41.630849520414735, Longitude= -71.00219325225427,  (at simulation time 182.402,800,000 s)
2023-09-25 08:46:11,530 INFO  - ,Received V2X Message from ,rsu_0, InterVehicleMsg{,28, 1615,  41.62984225180874,  -71.00160289947058, Road CLOSED, }, Latitude= 41.630849520414735, Longitude= -71.00219325225427,  (at simulation time 182.504,300,000 s)
2023-09-25 08:46:11,530 INFO  - ,Received V2X Message from ,rsu_0, InterVehicleMsg{,28, 1616,  41.62984225180874,  -71.00160289947058, Road CLOSED, }, Latitude= 41.630849520414735, Longitude= -71.00219325225427,  (at simulation time 182.602,300,000 s)
2023-09-25 08:46:11,530 INFO  - ,Received V2X Message from ,rsu_0, InterVehicleMsg{,28, 1617,  41.62984225180874,  -71.00160289947058, Road CLOSED, }, Latitude= 41.630849520414735, Longitude= -71.00219325225427,  (at simulation time 182.700,800,000 s)
2023-09-25 08:46:11,530 INFO  - ,Received V2X Message from ,rsu_0, InterVehicleMsg{,28, 1618,  41.62984225180874,  -71.00160289947058, Road CLOSED, }, Latitude= 41.630849520414735, Longitude= -71.00219325225427,  (at simulation time 182.802,800,000 s)
2023-09-25 08:46:11,530 INFO  - ,Received V2X Message from ,rsu_0, InterVehicleMsg{,28, 1619,  41.62984225180874,  -71.00160289947058, Road CLOSED, }, Latitude= 41.630849520414735, Longitude= -71.00219325225427,  (at simulation time 182.901,800,000 s)
2023-09-25 08:46:11,532 INFO  - ,Received V2X Message from ,rsu_0, InterVehicleMsg{,28, 1620,  41.62984225180874,  -71.00160289947058, Road CLOSED, }, Latitude= 41.630803912298234, Longitude= -71.00216904300606,  (at simulation time 183.002,800,000 s)
2023-09-25 08:46:11,532 INFO  - ,Received V2X Message from ,rsu_0, InterVehicleMsg{,28, 1621,  41.62984225180874,  -71.00160289947058, Road CLOSED, }, Latitude= 41.630803912298234, Longitude= -71.00216904300606,  (at simulation time 183.103,800,000 s)
2023-09-25 08:46:11,533 INFO  - ,Received V2X Message from ,rsu_0, InterVehicleMsg{,28, 1622,  41.62984225180874,  -71.00160289947058, Road CLOSED, }, Latitude= 41.630803912298234, Longitude= -71.00216904300606,  (at simulation time 183.202,800,000 s)
2023-09-25 08:46:11,533 INFO  - ,Received V2X Message from ,rsu_0, InterVehicleMsg{,28, 1623,  41.62984225180874,  -71.00160289947058, Road CLOSED, }, Latitude= 41.630803912298234, Longitude= -71.00216904300606,  (at simulation time 183.303,300,000 s)
2023-09-25 08:46:11,533 INFO  - ,Received V2X Message from ,rsu_0, InterVehicleMsg{,28, 1624,  41.62984225180874,  -71.00160289947058, Road CLOSED, }, Latitude= 41.630803912298234, Longitude= -71.00216904300606,  (at simulation time 183.400,800,000 s)
2023-09-25 08:46:11,534 INFO  - ,Received V2X Message from ,rsu_0, InterVehicleMsg{,28, 1625,  41.62984225180874,  -71.00160289947058, Road CLOSED, }, Latitude= 41.630803912298234, Longitude= -71.00216904300606,  (at simulation time 183.504,800,000 s)
2023-09-25 08:46:11,534 INFO  - ,Received V2X Message from ,rsu_0, InterVehicleMsg{,28, 1626,  41.62984225180874,  -71.00160289947058, Road CLOSED, }, Latitude= 41.630803912298234, Longitude= -71.00216904300606,  (at simulation time 183.603,800,000 s)
2023-09-25 08:46:11,534 INFO  - ,Received V2X Message from ,rsu_0, InterVehicleMsg{,28, 1627,  41.62984225180874,  -71.00160289947058, Road CLOSED, }, Latitude= 41.630803912298234, Longitude= -71.00216904300606,  (at simulation time 183.702,800,000 s)
2023-09-25 08:46:11,534 INFO  - ,Received V2X Message from ,rsu_0, InterVehicleMsg{,28, 1628,  41.62984225180874,  -71.00160289947058, Road CLOSED, }, Latitude= 41.630803912298234, Longitude= -71.00216904300606,  (at simulation time 183.804,300,000 s)
2023-09-25 08:46:11,534 INFO  - ,Received V2X Message from ,rsu_0, InterVehicleMsg{,28, 1629,  41.62984225180874,  -71.00160289947058, Road CLOSED, }, Latitude= 41.630803912298234, Longitude= -71.00216904300606,  (at simulation time 183.902,800,000 s)
2023-09-25 08:46:11,536 INFO  - ,Received V2X Message from ,rsu_0, InterVehicleMsg{,28, 1630,  41.62984225180874,  -71.00160289947058, Road CLOSED, }, Latitude= 41.63073974237181, Longitude= -71.00213734148241,  (at simulation time 184.000,800,000 s)
2023-09-25 08:46:11,536 INFO  - ,Received V2X Message from ,rsu_0, InterVehicleMsg{,28, 1631,  41.62984225180874,  -71.00160289947058, Road CLOSED, }, Latitude= 41.63073974237181, Longitude= -71.00213734148241,  (at simulation time 184.101,300,000 s)
2023-09-25 08:46:11,537 INFO  - ,Received V2X Message from ,rsu_0, InterVehicleMsg{,28, 1632,  41.62984225180874,  -71.00160289947058, Road CLOSED, }, Latitude= 41.63073974237181, Longitude= -71.00213734148241,  (at simulation time 184.202,300,000 s)
2023-09-25 08:46:11,537 INFO  - ,Received V2X Message from ,rsu_0, InterVehicleMsg{,28, 1633,  41.62984225180874,  -71.00160289947058, Road CLOSED, }, Latitude= 41.63073974237181, Longitude= -71.00213734148241,  (at simulation time 184.304,300,000 s)
2023-09-25 08:46:11,537 INFO  - ,Received V2X Message from ,rsu_0, InterVehicleMsg{,28, 1634,  41.62984225180874,  -71.00160289947058, Road CLOSED, }, Latitude= 41.63073974237181, Longitude= -71.00213734148241,  (at simulation time 184.401,800,000 s)
2023-09-25 08:46:11,537 INFO  - ,Received V2X Message from ,rsu_0, InterVehicleMsg{,28, 1635,  41.62984225180874,  -71.00160289947058, Road CLOSED, }, Latitude= 41.63073974237181, Longitude= -71.00213734148241,  (at simulation time 184.503,300,000 s)
2023-09-25 08:46:11,538 INFO  - ,Received V2X Message from ,rsu_0, InterVehicleMsg{,28, 1636,  41.62984225180874,  -71.00160289947058, Road CLOSED, }, Latitude= 41.63073974237181, Longitude= -71.00213734148241,  (at simulation time 184.604,300,000 s)
2023-09-25 08:46:11,538 INFO  - ,Received V2X Message from ,rsu_0, InterVehicleMsg{,28, 1637,  41.62984225180874,  -71.00160289947058, Road CLOSED, }, Latitude= 41.63073974237181, Longitude= -71.00213734148241,  (at simulation time 184.703,300,000 s)
2023-09-25 08:46:11,538 INFO  - ,Received V2X Message from ,rsu_0, InterVehicleMsg{,28, 1638,  41.62984225180874,  -71.00160289947058, Road CLOSED, }, Latitude= 41.63073974237181, Longitude= -71.00213734148241,  (at simulation time 184.804,300,000 s)
2023-09-25 08:46:11,538 INFO  - ,Received V2X Message from ,rsu_0, InterVehicleMsg{,28, 1639,  41.62984225180874,  -71.00160289947058, Road CLOSED, }, Latitude= 41.63073974237181, Longitude= -71.00213734148241,  (at simulation time 184.901,300,000 s)
2023-09-25 08:46:11,541 INFO  - ,Received V2X Message from ,rsu_0, InterVehicleMsg{,28, 1640,  41.62984225180874,  -71.00160289947058, Road CLOSED, }, Latitude= 41.63068293744296, Longitude= -71.00210927850766,  (at simulation time 185.002,300,000 s)
2023-09-25 08:46:11,541 INFO  - ,Received V2X Message from ,rsu_0, InterVehicleMsg{,28, 1641,  41.62984225180874,  -71.00160289947058, Road CLOSED, }, Latitude= 41.63068293744296, Longitude= -71.00210927850766,  (at simulation time 185.102,800,000 s)
2023-09-25 08:46:11,541 INFO  - ,Received V2X Message from ,rsu_0, InterVehicleMsg{,28, 1642,  41.62984225180874,  -71.00160289947058, Road CLOSED, }, Latitude= 41.63068293744296, Longitude= -71.00210927850766,  (at simulation time 185.200,800,000 s)
2023-09-25 08:46:11,541 INFO  - ,Received V2X Message from ,rsu_0, InterVehicleMsg{,28, 1643,  41.62984225180874,  -71.00160289947058, Road CLOSED, }, Latitude= 41.63068293744296, Longitude= -71.00210927850766,  (at simulation time 185.302,800,000 s)
2023-09-25 08:46:11,541 INFO  - ,Received V2X Message from ,rsu_0, InterVehicleMsg{,28, 1644,  41.62984225180874,  -71.00160289947058, Road CLOSED, }, Latitude= 41.63068293744296, Longitude= -71.00210927850766,  (at simulation time 185.401,800,000 s)
2023-09-25 08:46:11,541 INFO  - ,Received V2X Message from ,rsu_0, InterVehicleMsg{,28, 1645,  41.62984225180874,  -71.00160289947058, Road CLOSED, }, Latitude= 41.63068293744296, Longitude= -71.00210927850766,  (at simulation time 185.500,800,000 s)
2023-09-25 08:46:11,542 INFO  - ,Received V2X Message from ,rsu_0, InterVehicleMsg{,28, 1646,  41.62984225180874,  -71.00160289947058, Road CLOSED, }, Latitude= 41.63068293744296, Longitude= -71.00210927850766,  (at simulation time 185.602,800,000 s)
2023-09-25 08:46:11,542 INFO  - ,Received V2X Message from ,rsu_0, InterVehicleMsg{,28, 1647,  41.62984225180874,  -71.00160289947058, Road CLOSED, }, Latitude= 41.63068293744296, Longitude= -71.00210927850766,  (at simulation time 185.703,300,000 s)
2023-09-25 08:46:11,542 INFO  - ,Received V2X Message from ,rsu_0, InterVehicleMsg{,28, 1648,  41.62984225180874,  -71.00160289947058, Road CLOSED, }, Latitude= 41.63068293744296, Longitude= -71.00210927850766,  (at simulation time 185.801,300,000 s)
2023-09-25 08:46:11,542 INFO  - ,Received V2X Message from ,rsu_0, InterVehicleMsg{,28, 1649,  41.62984225180874,  -71.00160289947058, Road CLOSED, }, Latitude= 41.63068293744296, Longitude= -71.00210927850766,  (at simulation time 185.901,800,000 s)
2023-09-25 08:46:11,543 INFO  - ,Received V2X Message from ,rsu_0, InterVehicleMsg{,28, 1650,  41.62984225180874,  -71.00160289947058, Road CLOSED, }, Latitude= 41.630635986259456, Longitude= -71.00208687153216,  (at simulation time 186.003,300,000 s)
2023-09-25 08:46:11,543 INFO  - ,Received V2X Message from ,rsu_0, InterVehicleMsg{,28, 1651,  41.62984225180874,  -71.00160289947058, Road CLOSED, }, Latitude= 41.630635986259456, Longitude= -71.00208687153216,  (at simulation time 186.101,800,000 s)
2023-09-25 08:46:11,543 INFO  - ,Received V2X Message from ,rsu_0, InterVehicleMsg{,28, 1652,  41.62984225180874,  -71.00160289947058, Road CLOSED, }, Latitude= 41.630635986259456, Longitude= -71.00208687153216,  (at simulation time 186.202,800,000 s)
2023-09-25 08:46:11,544 INFO  - ,Received V2X Message from ,rsu_0, InterVehicleMsg{,28, 1653,  41.62984225180874,  -71.00160289947058, Road CLOSED, }, Latitude= 41.630635986259456, Longitude= -71.00208687153216,  (at simulation time 186.303,300,000 s)
2023-09-25 08:46:11,544 INFO  - ,Received V2X Message from ,rsu_0, InterVehicleMsg{,28, 1654,  41.62984225180874,  -71.00160289947058, Road CLOSED, }, Latitude= 41.630635986259456, Longitude= -71.00208687153216,  (at simulation time 186.402,300,000 s)
2023-09-25 08:46:11,544 INFO  - ,Received V2X Message from ,rsu_0, InterVehicleMsg{,28, 1655,  41.62984225180874,  -71.00160289947058, Road CLOSED, }, Latitude= 41.630635986259456, Longitude= -71.00208687153216,  (at simulation time 186.501,800,000 s)
2023-09-25 08:46:11,544 INFO  - ,Received V2X Message from ,rsu_0, InterVehicleMsg{,28, 1656,  41.62984225180874,  -71.00160289947058, Road CLOSED, }, Latitude= 41.630635986259456, Longitude= -71.00208687153216,  (at simulation time 186.602,800,000 s)
2023-09-25 08:46:11,544 INFO  - ,Received V2X Message from ,rsu_0, InterVehicleMsg{,28, 1657,  41.62984225180874,  -71.00160289947058, Road CLOSED, }, Latitude= 41.630635986259456, Longitude= -71.00208687153216,  (at simulation time 186.700,800,000 s)
2023-09-25 08:46:11,544 INFO  - ,Received V2X Message from ,rsu_0, InterVehicleMsg{,28, 1658,  41.62984225180874,  -71.00160289947058, Road CLOSED, }, Latitude= 41.630635986259456, Longitude= -71.00208687153216,  (at simulation time 186.803,300,000 s)
2023-09-25 08:46:11,544 INFO  - ,Received V2X Message from ,rsu_0, InterVehicleMsg{,28, 1659,  41.62984225180874,  -71.00160289947058, Road CLOSED, }, Latitude= 41.630635986259456, Longitude= -71.00208687153216,  (at simulation time 186.902,800,000 s)
2023-09-25 08:46:11,545 INFO  - ,Received V2X Message from ,rsu_0, InterVehicleMsg{,28, 1660,  41.62984225180874,  -71.00160289947058, Road CLOSED, }, Latitude= 41.63058682290579, Longitude= -71.00206498891727,  (at simulation time 187.002,300,000 s)
2023-09-25 08:46:11,545 INFO  - ,Received V2X Message from ,rsu_0, InterVehicleMsg{,28, 1661,  41.62984225180874,  -71.00160289947058, Road CLOSED, }, Latitude= 41.63058682290579, Longitude= -71.00206498891727,  (at simulation time 187.103,300,000 s)
2023-09-25 08:46:11,546 INFO  - ,Received V2X Message from ,rsu_0, InterVehicleMsg{,28, 1662,  41.62984225180874,  -71.00160289947058, Road CLOSED, }, Latitude= 41.63058682290579, Longitude= -71.00206498891727,  (at simulation time 187.202,800,000 s)
2023-09-25 08:46:11,547 INFO  - ,Received V2X Message from ,rsu_0, InterVehicleMsg{,28, 1663,  41.62984225180874,  -71.00160289947058, Road CLOSED, }, Latitude= 41.63058682290579, Longitude= -71.00206498891727,  (at simulation time 187.302,300,000 s)
2023-09-25 08:46:11,547 INFO  - ,Received V2X Message from ,rsu_0, InterVehicleMsg{,28, 1664,  41.62984225180874,  -71.00160289947058, Road CLOSED, }, Latitude= 41.63058682290579, Longitude= -71.00206498891727,  (at simulation time 187.403,300,000 s)
2023-09-25 08:46:11,547 INFO  - ,Received V2X Message from ,rsu_0, InterVehicleMsg{,28, 1665,  41.62984225180874,  -71.00160289947058, Road CLOSED, }, Latitude= 41.63058682290579, Longitude= -71.00206498891727,  (at simulation time 187.503,300,000 s)
2023-09-25 08:46:11,548 INFO  - ,Received V2X Message from ,rsu_0, InterVehicleMsg{,28, 1666,  41.62984225180874,  -71.00160289947058, Road CLOSED, }, Latitude= 41.63058682290579, Longitude= -71.00206498891727,  (at simulation time 187.601,800,000 s)
2023-09-25 08:46:11,548 INFO  - ,Received V2X Message from ,rsu_0, InterVehicleMsg{,28, 1667,  41.62984225180874,  -71.00160289947058, Road CLOSED, }, Latitude= 41.63058682290579, Longitude= -71.00206498891727,  (at simulation time 187.703,300,000 s)
2023-09-25 08:46:11,548 INFO  - ,Received V2X Message from ,rsu_0, InterVehicleMsg{,28, 1668,  41.62984225180874,  -71.00160289947058, Road CLOSED, }, Latitude= 41.63058682290579, Longitude= -71.00206498891727,  (at simulation time 187.802,800,000 s)
2023-09-25 08:46:11,548 INFO  - ,Received V2X Message from ,rsu_0, InterVehicleMsg{,28, 1669,  41.62984225180874,  -71.00160289947058, Road CLOSED, }, Latitude= 41.63058682290579, Longitude= -71.00206498891727,  (at simulation time 187.902,300,000 s)
2023-09-25 08:46:11,550 INFO  - ,Received V2X Message from ,rsu_0, InterVehicleMsg{,28, 1670,  41.62984225180874,  -71.00160289947058, Road CLOSED, }, Latitude= 41.63052874187521, Longitude= -71.00203951011284,  (at simulation time 188.002,800,000 s)
2023-09-25 08:46:11,550 INFO  - ,Received V2X Message from ,rsu_0, InterVehicleMsg{,28, 1671,  41.62984225180874,  -71.00160289947058, Road CLOSED, }, Latitude= 41.63052874187521, Longitude= -71.00203951011284,  (at simulation time 188.101,800,000 s)
2023-09-25 08:46:11,550 INFO  - ,Received V2X Message from ,rsu_0, InterVehicleMsg{,28, 1672,  41.62984225180874,  -71.00160289947058, Road CLOSED, }, Latitude= 41.63052874187521, Longitude= -71.00203951011284,  (at simulation time 188.202,300,000 s)
2023-09-25 08:46:11,550 INFO  - ,Received V2X Message from ,rsu_0, InterVehicleMsg{,28, 1673,  41.62984225180874,  -71.00160289947058, Road CLOSED, }, Latitude= 41.63052874187521, Longitude= -71.00203951011284,  (at simulation time 188.303,300,000 s)
2023-09-25 08:46:11,551 INFO  - ,Received V2X Message from ,rsu_0, InterVehicleMsg{,28, 1674,  41.62984225180874,  -71.00160289947058, Road CLOSED, }, Latitude= 41.63052874187521, Longitude= -71.00203951011284,  (at simulation time 188.402,800,000 s)
2023-09-25 08:46:11,551 INFO  - ,Received V2X Message from ,rsu_0, InterVehicleMsg{,28, 1675,  41.62984225180874,  -71.00160289947058, Road CLOSED, }, Latitude= 41.63052874187521, Longitude= -71.00203951011284,  (at simulation time 188.501,300,000 s)
2023-09-25 08:46:11,551 INFO  - ,Received V2X Message from ,rsu_0, InterVehicleMsg{,28, 1676,  41.62984225180874,  -71.00160289947058, Road CLOSED, }, Latitude= 41.63052874187521, Longitude= -71.00203951011284,  (at simulation time 188.604,300,000 s)
2023-09-25 08:46:11,551 INFO  - ,Received V2X Message from ,rsu_0, InterVehicleMsg{,28, 1677,  41.62984225180874,  -71.00160289947058, Road CLOSED, }, Latitude= 41.63052874187521, Longitude= -71.00203951011284,  (at simulation time 188.702,800,000 s)
2023-09-25 08:46:11,551 INFO  - ,Received V2X Message from ,rsu_0, InterVehicleMsg{,28, 1678,  41.62984225180874,  -71.00160289947058, Road CLOSED, }, Latitude= 41.63052874187521, Longitude= -71.00203951011284,  (at simulation time 188.802,800,000 s)
2023-09-25 08:46:11,551 INFO  - ,Received V2X Message from ,rsu_0, InterVehicleMsg{,28, 1679,  41.62984225180874,  -71.00160289947058, Road CLOSED, }, Latitude= 41.63052874187521, Longitude= -71.00203951011284,  (at simulation time 188.901,800,000 s)
2023-09-25 08:46:11,553 INFO  - ,Received V2X Message from ,rsu_0, InterVehicleMsg{,28, 1680,  41.62984225180874,  -71.00160289947058, Road CLOSED, }, Latitude= 41.63047253073372, Longitude= -71.0020153075548,  (at simulation time 189.002,800,000 s)
2023-09-25 08:46:11,553 INFO  - ,Received V2X Message from ,rsu_0, InterVehicleMsg{,28, 1681,  41.62984225180874,  -71.00160289947058, Road CLOSED, }, Latitude= 41.63047253073372, Longitude= -71.0020153075548,  (at simulation time 189.102,300,000 s)
2023-09-25 08:46:11,553 INFO  - ,Received V2X Message from ,rsu_0, InterVehicleMsg{,28, 1682,  41.62984225180874,  -71.00160289947058, Road CLOSED, }, Latitude= 41.63047253073372, Longitude= -71.0020153075548,  (at simulation time 189.203,300,000 s)
2023-09-25 08:46:11,553 INFO  - ,Received V2X Message from ,rsu_0, InterVehicleMsg{,28, 1683,  41.62984225180874,  -71.00160289947058, Road CLOSED, }, Latitude= 41.63047253073372, Longitude= -71.0020153075548,  (at simulation time 189.302,300,000 s)
2023-09-25 08:46:11,553 INFO  - ,Received V2X Message from ,rsu_0, InterVehicleMsg{,28, 1684,  41.62984225180874,  -71.00160289947058, Road CLOSED, }, Latitude= 41.63047253073372, Longitude= -71.0020153075548,  (at simulation time 189.403,800,000 s)
2023-09-25 08:46:11,554 INFO  - ,Received V2X Message from ,rsu_0, InterVehicleMsg{,28, 1685,  41.62984225180874,  -71.00160289947058, Road CLOSED, }, Latitude= 41.63047253073372, Longitude= -71.0020153075548,  (at simulation time 189.500,800,000 s)
2023-09-25 08:46:11,554 INFO  - ,Received V2X Message from ,rsu_0, InterVehicleMsg{,28, 1686,  41.62984225180874,  -71.00160289947058, Road CLOSED, }, Latitude= 41.63047253073372, Longitude= -71.0020153075548,  (at simulation time 189.600,800,000 s)
2023-09-25 08:46:11,554 INFO  - ,Received V2X Message from ,rsu_0, InterVehicleMsg{,28, 1687,  41.62984225180874,  -71.00160289947058, Road CLOSED, }, Latitude= 41.63047253073372, Longitude= -71.0020153075548,  (at simulation time 189.701,800,000 s)
2023-09-25 08:46:11,554 INFO  - ,Received V2X Message from ,rsu_0, InterVehicleMsg{,28, 1688,  41.62984225180874,  -71.00160289947058, Road CLOSED, }, Latitude= 41.63047253073372, Longitude= -71.0020153075548,  (at simulation time 189.803,300,000 s)
2023-09-25 08:46:11,554 INFO  - ,Received V2X Message from ,rsu_0, InterVehicleMsg{,28, 1689,  41.62984225180874,  -71.00160289947058, Road CLOSED, }, Latitude= 41.63047253073372, Longitude= -71.0020153075548,  (at simulation time 189.903,800,000 s)
2023-09-25 08:46:11,556 INFO  - ,Received V2X Message from ,rsu_0, InterVehicleMsg{,28, 1690,  41.62984225180874,  -71.00160289947058, Road CLOSED, }, Latitude= 41.63041327654084, Longitude= -71.00199080731741,  (at simulation time 190.002,300,000 s)
2023-09-25 08:46:11,557 INFO  - ,Received V2X Message from ,rsu_0, InterVehicleMsg{,28, 1691,  41.62984225180874,  -71.00160289947058, Road CLOSED, }, Latitude= 41.63041327654084, Longitude= -71.00199080731741,  (at simulation time 190.103,300,000 s)
2023-09-25 08:46:11,557 INFO  - ,Received V2X Message from ,rsu_0, InterVehicleMsg{,28, 1692,  41.62984225180874,  -71.00160289947058, Road CLOSED, }, Latitude= 41.63041327654084, Longitude= -71.00199080731741,  (at simulation time 190.204,300,000 s)
2023-09-25 08:46:11,557 INFO  - ,Received V2X Message from ,rsu_0, InterVehicleMsg{,28, 1693,  41.62984225180874,  -71.00160289947058, Road CLOSED, }, Latitude= 41.63041327654084, Longitude= -71.00199080731741,  (at simulation time 190.300,800,000 s)
2023-09-25 08:46:11,557 INFO  - ,Received V2X Message from ,rsu_0, InterVehicleMsg{,28, 1694,  41.62984225180874,  -71.00160289947058, Road CLOSED, }, Latitude= 41.63041327654084, Longitude= -71.00199080731741,  (at simulation time 190.401,800,000 s)
2023-09-25 08:46:11,557 INFO  - ,Received V2X Message from ,rsu_0, InterVehicleMsg{,28, 1695,  41.62984225180874,  -71.00160289947058, Road CLOSED, }, Latitude= 41.63041327654084, Longitude= -71.00199080731741,  (at simulation time 190.504,300,000 s)
2023-09-25 08:46:11,557 INFO  - ,Received V2X Message from ,rsu_0, InterVehicleMsg{,28, 1696,  41.62984225180874,  -71.00160289947058, Road CLOSED, }, Latitude= 41.63041327654084, Longitude= -71.00199080731741,  (at simulation time 190.604,300,000 s)
2023-09-25 08:46:11,557 INFO  - ,Received V2X Message from ,rsu_0, InterVehicleMsg{,28, 1697,  41.62984225180874,  -71.00160289947058, Road CLOSED, }, Latitude= 41.63041327654084, Longitude= -71.00199080731741,  (at simulation time 190.701,300,000 s)
2023-09-25 08:46:11,558 INFO  - ,Received V2X Message from ,rsu_0, InterVehicleMsg{,28, 1698,  41.62984225180874,  -71.00160289947058, Road CLOSED, }, Latitude= 41.63041327654084, Longitude= -71.00199080731741,  (at simulation time 190.803,300,000 s)
2023-09-25 08:46:11,558 INFO  - ,Received V2X Message from ,rsu_0, InterVehicleMsg{,28, 1699,  41.62984225180874,  -71.00160289947058, Road CLOSED, }, Latitude= 41.63041327654084, Longitude= -71.00199080731741,  (at simulation time 190.900,800,000 s)
2023-09-25 08:46:11,559 INFO  - ,Received V2X Message from ,rsu_0, InterVehicleMsg{,28, 1700,  41.62984225180874,  -71.00160289947058, Road CLOSED, }, Latitude= 41.630352084786715, Longitude= -71.0019665063906,  (at simulation time 191.003,800,000 s)
2023-09-25 08:46:11,560 INFO  - ,Received V2X Message from ,rsu_0, InterVehicleMsg{,28, 1701,  41.62984225180874,  -71.00160289947058, Road CLOSED, }, Latitude= 41.630352084786715, Longitude= -71.0019665063906,  (at simulation time 191.104,300,000 s)
2023-09-25 08:46:11,560 INFO  - ,Received V2X Message from ,rsu_0, InterVehicleMsg{,28, 1702,  41.62984225180874,  -71.00160289947058, Road CLOSED, }, Latitude= 41.630352084786715, Longitude= -71.0019665063906,  (at simulation time 191.202,300,000 s)
2023-09-25 08:46:11,560 INFO  - ,Received V2X Message from ,rsu_0, InterVehicleMsg{,28, 1703,  41.62984225180874,  -71.00160289947058, Road CLOSED, }, Latitude= 41.630352084786715, Longitude= -71.0019665063906,  (at simulation time 191.303,800,000 s)
2023-09-25 08:46:11,560 INFO  - ,Received V2X Message from ,rsu_0, InterVehicleMsg{,28, 1704,  41.62984225180874,  -71.00160289947058, Road CLOSED, }, Latitude= 41.630352084786715, Longitude= -71.0019665063906,  (at simulation time 191.403,300,000 s)
2023-09-25 08:46:11,560 INFO  - ,Received V2X Message from ,rsu_0, InterVehicleMsg{,28, 1705,  41.62984225180874,  -71.00160289947058, Road CLOSED, }, Latitude= 41.630352084786715, Longitude= -71.0019665063906,  (at simulation time 191.503,300,000 s)
2023-09-25 08:46:11,560 INFO  - ,Received V2X Message from ,rsu_0, InterVehicleMsg{,28, 1706,  41.62984225180874,  -71.00160289947058, Road CLOSED, }, Latitude= 41.630352084786715, Longitude= -71.0019665063906,  (at simulation time 191.601,800,000 s)
2023-09-25 08:46:11,560 INFO  - ,Received V2X Message from ,rsu_0, InterVehicleMsg{,28, 1707,  41.62984225180874,  -71.00160289947058, Road CLOSED, }, Latitude= 41.630352084786715, Longitude= -71.0019665063906,  (at simulation time 191.700,800,000 s)
2023-09-25 08:46:11,561 INFO  - ,Received V2X Message from ,rsu_0, InterVehicleMsg{,28, 1708,  41.62984225180874,  -71.00160289947058, Road CLOSED, }, Latitude= 41.630352084786715, Longitude= -71.0019665063906,  (at simulation time 191.802,300,000 s)
2023-09-25 08:46:11,561 INFO  - ,Received V2X Message from ,rsu_0, InterVehicleMsg{,28, 1709,  41.62984225180874,  -71.00160289947058, Road CLOSED, }, Latitude= 41.630352084786715, Longitude= -71.0019665063906,  (at simulation time 191.903,300,000 s)
2023-09-25 08:46:11,562 INFO  - ,Received V2X Message from ,rsu_0, InterVehicleMsg{,28, 1710,  41.62984225180874,  -71.00160289947058, Road CLOSED, }, Latitude= 41.63029608592166, Longitude= -71.00194438717807,  (at simulation time 192.002,300,000 s)
2023-09-25 08:46:11,562 INFO  - ,Received V2X Message from ,rsu_0, InterVehicleMsg{,28, 1711,  41.62984225180874,  -71.00160289947058, Road CLOSED, }, Latitude= 41.63029608592166, Longitude= -71.00194438717807,  (at simulation time 192.104,300,000 s)
2023-09-25 08:46:11,562 INFO  - ,Received V2X Message from ,rsu_0, InterVehicleMsg{,28, 1712,  41.62984225180874,  -71.00160289947058, Road CLOSED, }, Latitude= 41.63029608592166, Longitude= -71.00194438717807,  (at simulation time 192.202,800,000 s)
2023-09-25 08:46:11,563 INFO  - ,Received V2X Message from ,rsu_0, InterVehicleMsg{,28, 1713,  41.62984225180874,  -71.00160289947058, Road CLOSED, }, Latitude= 41.63029608592166, Longitude= -71.00194438717807,  (at simulation time 192.302,800,000 s)
2023-09-25 08:46:11,563 INFO  - ,Received V2X Message from ,rsu_0, InterVehicleMsg{,28, 1714,  41.62984225180874,  -71.00160289947058, Road CLOSED, }, Latitude= 41.63029608592166, Longitude= -71.00194438717807,  (at simulation time 192.403,300,000 s)
2023-09-25 08:46:11,563 INFO  - ,Received V2X Message from ,rsu_0, InterVehicleMsg{,28, 1715,  41.62984225180874,  -71.00160289947058, Road CLOSED, }, Latitude= 41.63029608592166, Longitude= -71.00194438717807,  (at simulation time 192.503,300,000 s)
2023-09-25 08:46:11,563 INFO  - ,Received V2X Message from ,rsu_0, InterVehicleMsg{,28, 1716,  41.62984225180874,  -71.00160289947058, Road CLOSED, }, Latitude= 41.63029608592166, Longitude= -71.00194438717807,  (at simulation time 192.602,800,000 s)
2023-09-25 08:46:11,563 INFO  - ,Received V2X Message from ,rsu_0, InterVehicleMsg{,28, 1717,  41.62984225180874,  -71.00160289947058, Road CLOSED, }, Latitude= 41.63029608592166, Longitude= -71.00194438717807,  (at simulation time 192.703,800,000 s)
2023-09-25 08:46:11,563 INFO  - ,Received V2X Message from ,rsu_0, InterVehicleMsg{,28, 1718,  41.62984225180874,  -71.00160289947058, Road CLOSED, }, Latitude= 41.63029608592166, Longitude= -71.00194438717807,  (at simulation time 192.800,800,000 s)
2023-09-25 08:46:11,563 INFO  - ,Received V2X Message from ,rsu_0, InterVehicleMsg{,28, 1719,  41.62984225180874,  -71.00160289947058, Road CLOSED, }, Latitude= 41.63029608592166, Longitude= -71.00194438717807,  (at simulation time 192.901,300,000 s)
2023-09-25 08:46:11,565 INFO  - ,Received V2X Message from ,rsu_0, InterVehicleMsg{,28, 1720,  41.62984225180874,  -71.00160289947058, Road CLOSED, }, Latitude= 41.63024135834376, Longitude= -71.00192519849344,  (at simulation time 193.001,300,000 s)
2023-09-25 08:46:11,565 INFO  - ,Received V2X Message from ,rsu_0, InterVehicleMsg{,28, 1721,  41.62984225180874,  -71.00160289947058, Road CLOSED, }, Latitude= 41.63024135834376, Longitude= -71.00192519849344,  (at simulation time 193.101,300,000 s)
2023-09-25 08:46:11,565 INFO  - ,Received V2X Message from ,rsu_0, InterVehicleMsg{,28, 1722,  41.62984225180874,  -71.00160289947058, Road CLOSED, }, Latitude= 41.63024135834376, Longitude= -71.00192519849344,  (at simulation time 193.201,800,000 s)
2023-09-25 08:46:11,565 INFO  - ,Received V2X Message from ,rsu_0, InterVehicleMsg{,28, 1723,  41.62984225180874,  -71.00160289947058, Road CLOSED, }, Latitude= 41.63024135834376, Longitude= -71.00192519849344,  (at simulation time 193.302,300,000 s)
2023-09-25 08:46:11,565 INFO  - ,Received V2X Message from ,rsu_0, InterVehicleMsg{,28, 1724,  41.62984225180874,  -71.00160289947058, Road CLOSED, }, Latitude= 41.63024135834376, Longitude= -71.00192519849344,  (at simulation time 193.401,800,000 s)
2023-09-25 08:46:11,566 INFO  - ,Received V2X Message from ,rsu_0, InterVehicleMsg{,28, 1725,  41.62984225180874,  -71.00160289947058, Road CLOSED, }, Latitude= 41.63024135834376, Longitude= -71.00192519849344,  (at simulation time 193.504,800,000 s)
2023-09-25 08:46:11,566 INFO  - ,Received V2X Message from ,rsu_0, InterVehicleMsg{,28, 1726,  41.62984225180874,  -71.00160289947058, Road CLOSED, }, Latitude= 41.63024135834376, Longitude= -71.00192519849344,  (at simulation time 193.603,300,000 s)
2023-09-25 08:46:11,566 INFO  - ,Received V2X Message from ,rsu_0, InterVehicleMsg{,28, 1727,  41.62984225180874,  -71.00160289947058, Road CLOSED, }, Latitude= 41.63024135834376, Longitude= -71.00192519849344,  (at simulation time 193.703,300,000 s)
2023-09-25 08:46:11,567 INFO  - ,Received V2X Message from ,rsu_0, InterVehicleMsg{,28, 1728,  41.62984225180874,  -71.00160289947058, Road CLOSED, }, Latitude= 41.63024135834376, Longitude= -71.00192519849344,  (at simulation time 193.802,300,000 s)
2023-09-25 08:46:11,567 INFO  - ,Received V2X Message from ,rsu_0, InterVehicleMsg{,28, 1729,  41.62984225180874,  -71.00160289947058, Road CLOSED, }, Latitude= 41.63024135834376, Longitude= -71.00192519849344,  (at simulation time 193.903,800,000 s)
2023-09-25 08:46:11,568 INFO  - ,Received V2X Message from ,rsu_0, InterVehicleMsg{,28, 1730,  41.62984225180874,  -71.00160289947058, Road CLOSED, }, Latitude= 41.6301827095744, Longitude= -71.00190463499304,  (at simulation time 194.002,300,000 s)
2023-09-25 08:46:11,568 INFO  - ,Received V2X Message from ,rsu_0, InterVehicleMsg{,28, 1731,  41.62984225180874,  -71.00160289947058, Road CLOSED, }, Latitude= 41.6301827095744, Longitude= -71.00190463499304,  (at simulation time 194.103,300,000 s)
2023-09-25 08:46:11,568 INFO  - ,Received V2X Message from ,rsu_0, InterVehicleMsg{,28, 1732,  41.62984225180874,  -71.00160289947058, Road CLOSED, }, Latitude= 41.6301827095744, Longitude= -71.00190463499304,  (at simulation time 194.202,800,000 s)
2023-09-25 08:46:11,569 INFO  - ,Received V2X Message from ,rsu_0, InterVehicleMsg{,28, 1733,  41.62984225180874,  -71.00160289947058, Road CLOSED, }, Latitude= 41.6301827095744, Longitude= -71.00190463499304,  (at simulation time 194.302,800,000 s)
2023-09-25 08:46:11,569 INFO  - ,Received V2X Message from ,rsu_0, InterVehicleMsg{,28, 1734,  41.62984225180874,  -71.00160289947058, Road CLOSED, }, Latitude= 41.6301827095744, Longitude= -71.00190463499304,  (at simulation time 194.401,800,000 s)
2023-09-25 08:46:11,569 INFO  - ,Received V2X Message from ,rsu_0, InterVehicleMsg{,28, 1735,  41.62984225180874,  -71.00160289947058, Road CLOSED, }, Latitude= 41.6301827095744, Longitude= -71.00190463499304,  (at simulation time 194.502,300,000 s)
2023-09-25 08:46:11,569 INFO  - ,Received V2X Message from ,rsu_0, InterVehicleMsg{,28, 1736,  41.62984225180874,  -71.00160289947058, Road CLOSED, }, Latitude= 41.6301827095744, Longitude= -71.00190463499304,  (at simulation time 194.603,800,000 s)
2023-09-25 08:46:11,569 INFO  - ,Received V2X Message from ,rsu_0, InterVehicleMsg{,28, 1737,  41.62984225180874,  -71.00160289947058, Road CLOSED, }, Latitude= 41.6301827095744, Longitude= -71.00190463499304,  (at simulation time 194.704,800,000 s)
2023-09-25 08:46:11,569 INFO  - ,Received V2X Message from ,rsu_0, InterVehicleMsg{,28, 1738,  41.62984225180874,  -71.00160289947058, Road CLOSED, }, Latitude= 41.6301827095744, Longitude= -71.00190463499304,  (at simulation time 194.802,800,000 s)
2023-09-25 08:46:11,570 INFO  - ,Received V2X Message from ,rsu_0, InterVehicleMsg{,28, 1739,  41.62984225180874,  -71.00160289947058, Road CLOSED, }, Latitude= 41.6301827095744, Longitude= -71.00190463499304,  (at simulation time 194.903,300,000 s)
2023-09-25 08:46:11,571 INFO  - ,Received V2X Message from ,rsu_0, InterVehicleMsg{,28, 1740,  41.62984225180874,  -71.00160289947058, Road CLOSED, }, Latitude= 41.63012041422238, Longitude= -71.00188279296847,  (at simulation time 195.002,300,000 s)
2023-09-25 08:46:11,571 INFO  - ,Received V2X Message from ,rsu_0, InterVehicleMsg{,28, 1741,  41.62984225180874,  -71.00160289947058, Road CLOSED, }, Latitude= 41.63012041422238, Longitude= -71.00188279296847,  (at simulation time 195.102,300,000 s)
2023-09-25 08:46:11,572 INFO  - ,Received V2X Message from ,rsu_0, InterVehicleMsg{,28, 1742,  41.62984225180874,  -71.00160289947058, Road CLOSED, }, Latitude= 41.63012041422238, Longitude= -71.00188279296847,  (at simulation time 195.203,800,000 s)
2023-09-25 08:46:11,572 INFO  - ,Received V2X Message from ,rsu_0, InterVehicleMsg{,28, 1743,  41.62984225180874,  -71.00160289947058, Road CLOSED, }, Latitude= 41.63012041422238, Longitude= -71.00188279296847,  (at simulation time 195.302,300,000 s)
2023-09-25 08:46:11,572 INFO  - ,Received V2X Message from ,rsu_0, InterVehicleMsg{,28, 1744,  41.62984225180874,  -71.00160289947058, Road CLOSED, }, Latitude= 41.63012041422238, Longitude= -71.00188279296847,  (at simulation time 195.403,800,000 s)
2023-09-25 08:46:11,572 INFO  - ,Received V2X Message from ,rsu_0, InterVehicleMsg{,28, 1745,  41.62984225180874,  -71.00160289947058, Road CLOSED, }, Latitude= 41.63012041422238, Longitude= -71.00188279296847,  (at simulation time 195.504,300,000 s)
2023-09-25 08:46:11,573 INFO  - ,Received V2X Message from ,rsu_0, InterVehicleMsg{,28, 1746,  41.62984225180874,  -71.00160289947058, Road CLOSED, }, Latitude= 41.63012041422238, Longitude= -71.00188279296847,  (at simulation time 195.603,300,000 s)
2023-09-25 08:46:11,573 INFO  - ,Received V2X Message from ,rsu_0, InterVehicleMsg{,28, 1747,  41.62984225180874,  -71.00160289947058, Road CLOSED, }, Latitude= 41.63012041422238, Longitude= -71.00188279296847,  (at simulation time 195.702,800,000 s)
2023-09-25 08:46:11,573 INFO  - ,Received V2X Message from ,rsu_0, InterVehicleMsg{,28, 1748,  41.62984225180874,  -71.00160289947058, Road CLOSED, }, Latitude= 41.63012041422238, Longitude= -71.00188279296847,  (at simulation time 195.804,800,000 s)
2023-09-25 08:46:11,573 INFO  - ,Received V2X Message from ,rsu_0, InterVehicleMsg{,28, 1749,  41.62984225180874,  -71.00160289947058, Road CLOSED, }, Latitude= 41.63012041422238, Longitude= -71.00188279296847,  (at simulation time 195.902,300,000 s)
2023-09-25 08:46:11,574 INFO  - ,Received V2X Message from ,rsu_0, InterVehicleMsg{,28, 1750,  41.62984225180874,  -71.00160289947058, Road CLOSED, }, Latitude= 41.63005986763463, Longitude= -71.00186442606352,  (at simulation time 196.001,300,000 s)
2023-09-25 08:46:11,575 INFO  - ,Received V2X Message from ,rsu_0, InterVehicleMsg{,28, 1751,  41.62984225180874,  -71.00160289947058, Road CLOSED, }, Latitude= 41.63005986763463, Longitude= -71.00186442606352,  (at simulation time 196.103,300,000 s)
2023-09-25 08:46:11,575 INFO  - ,Received V2X Message from ,rsu_0, InterVehicleMsg{,28, 1752,  41.62984225180874,  -71.00160289947058, Road CLOSED, }, Latitude= 41.63005986763463, Longitude= -71.00186442606352,  (at simulation time 196.203,800,000 s)
2023-09-25 08:46:11,575 INFO  - ,Received V2X Message from ,rsu_0, InterVehicleMsg{,28, 1753,  41.62984225180874,  -71.00160289947058, Road CLOSED, }, Latitude= 41.63005986763463, Longitude= -71.00186442606352,  (at simulation time 196.303,800,000 s)
2023-09-25 08:46:11,575 INFO  - ,Received V2X Message from ,rsu_0, InterVehicleMsg{,28, 1754,  41.62984225180874,  -71.00160289947058, Road CLOSED, }, Latitude= 41.63005986763463, Longitude= -71.00186442606352,  (at simulation time 196.402,800,000 s)
2023-09-25 08:46:11,575 INFO  - ,Received V2X Message from ,rsu_0, InterVehicleMsg{,28, 1755,  41.62984225180874,  -71.00160289947058, Road CLOSED, }, Latitude= 41.63005986763463, Longitude= -71.00186442606352,  (at simulation time 196.503,800,000 s)
2023-09-25 08:46:11,575 INFO  - ,Received V2X Message from ,rsu_0, InterVehicleMsg{,28, 1756,  41.62984225180874,  -71.00160289947058, Road CLOSED, }, Latitude= 41.63005986763463, Longitude= -71.00186442606352,  (at simulation time 196.602,300,000 s)
2023-09-25 08:46:11,576 INFO  - ,Received V2X Message from ,rsu_0, InterVehicleMsg{,28, 1757,  41.62984225180874,  -71.00160289947058, Road CLOSED, }, Latitude= 41.63005986763463, Longitude= -71.00186442606352,  (at simulation time 196.701,800,000 s)
2023-09-25 08:46:11,576 INFO  - ,Received V2X Message from ,rsu_0, InterVehicleMsg{,28, 1758,  41.62984225180874,  -71.00160289947058, Road CLOSED, }, Latitude= 41.63005986763463, Longitude= -71.00186442606352,  (at simulation time 196.804,300,000 s)
2023-09-25 08:46:11,576 INFO  - ,Received V2X Message from ,rsu_0, InterVehicleMsg{,28, 1759,  41.62984225180874,  -71.00160289947058, Road CLOSED, }, Latitude= 41.63005986763463, Longitude= -71.00186442606352,  (at simulation time 196.902,300,000 s)
2023-09-25 08:46:11,577 INFO  - ,Received V2X Message from ,rsu_0, InterVehicleMsg{,28, 1760,  41.62984225180874,  -71.00160289947058, Road CLOSED, }, Latitude= 41.63000315719433, Longitude= -71.00184726278903,  (at simulation time 197.002,300,000 s)
2023-09-25 08:46:11,577 INFO  - ,Received V2X Message from ,rsu_0, InterVehicleMsg{,28, 1761,  41.62984225180874,  -71.00160289947058, Road CLOSED, }, Latitude= 41.63000315719433, Longitude= -71.00184726278903,  (at simulation time 197.102,300,000 s)
2023-09-25 08:46:11,578 INFO  - ,Received V2X Message from ,rsu_0, InterVehicleMsg{,28, 1762,  41.62984225180874,  -71.00160289947058, Road CLOSED, }, Latitude= 41.63000315719433, Longitude= -71.00184726278903,  (at simulation time 197.203,800,000 s)
2023-09-25 08:46:11,578 INFO  - ,Received V2X Message from ,rsu_0, InterVehicleMsg{,28, 1763,  41.62984225180874,  -71.00160289947058, Road CLOSED, }, Latitude= 41.63000315719433, Longitude= -71.00184726278903,  (at simulation time 197.301,300,000 s)
2023-09-25 08:46:11,578 INFO  - ,Received V2X Message from ,rsu_0, InterVehicleMsg{,28, 1764,  41.62984225180874,  -71.00160289947058, Road CLOSED, }, Latitude= 41.63000315719433, Longitude= -71.00184726278903,  (at simulation time 197.400,800,000 s)
2023-09-25 08:46:11,578 INFO  - ,Received V2X Message from ,rsu_0, InterVehicleMsg{,28, 1765,  41.62984225180874,  -71.00160289947058, Road CLOSED, }, Latitude= 41.63000315719433, Longitude= -71.00184726278903,  (at simulation time 197.503,800,000 s)
2023-09-25 08:46:11,578 INFO  - ,Received V2X Message from ,rsu_0, InterVehicleMsg{,28, 1766,  41.62984225180874,  -71.00160289947058, Road CLOSED, }, Latitude= 41.63000315719433, Longitude= -71.00184726278903,  (at simulation time 197.602,800,000 s)
2023-09-25 08:46:11,578 INFO  - ,Received V2X Message from ,rsu_0, InterVehicleMsg{,28, 1767,  41.62984225180874,  -71.00160289947058, Road CLOSED, }, Latitude= 41.63000315719433, Longitude= -71.00184726278903,  (at simulation time 197.703,300,000 s)
2023-09-25 08:46:11,579 INFO  - ,Received V2X Message from ,rsu_0, InterVehicleMsg{,28, 1768,  41.62984225180874,  -71.00160289947058, Road CLOSED, }, Latitude= 41.63000315719433, Longitude= -71.00184726278903,  (at simulation time 197.803,800,000 s)
2023-09-25 08:46:11,579 INFO  - ,Received V2X Message from ,rsu_0, InterVehicleMsg{,28, 1769,  41.62984225180874,  -71.00160289947058, Road CLOSED, }, Latitude= 41.63000315719433, Longitude= -71.00184726278903,  (at simulation time 197.901,800,000 s)
2023-09-25 08:46:11,580 INFO  - ,Received V2X Message from ,rsu_0, InterVehicleMsg{,28, 1770,  41.62984225180874,  -71.00160289947058, Road CLOSED, }, Latitude= 41.62993824374992, Longitude= -71.00182763880997,  (at simulation time 198.002,300,000 s)
2023-09-25 08:46:11,580 INFO  - ,Received V2X Message from ,rsu_0, InterVehicleMsg{,28, 1771,  41.62984225180874,  -71.00160289947058, Road CLOSED, }, Latitude= 41.62993824374992, Longitude= -71.00182763880997,  (at simulation time 198.103,300,000 s)
2023-09-25 08:46:11,580 INFO  - ,Received V2X Message from ,rsu_0, InterVehicleMsg{,28, 1772,  41.62984225180874,  -71.00160289947058, Road CLOSED, }, Latitude= 41.62993824374992, Longitude= -71.00182763880997,  (at simulation time 198.202,300,000 s)
2023-09-25 08:46:11,580 INFO  - ,Received V2X Message from ,rsu_0, InterVehicleMsg{,28, 1773,  41.62984225180874,  -71.00160289947058, Road CLOSED, }, Latitude= 41.62993824374992, Longitude= -71.00182763880997,  (at simulation time 198.301,300,000 s)
2023-09-25 08:46:11,580 INFO  - ,Received V2X Message from ,rsu_0, InterVehicleMsg{,28, 1774,  41.62984225180874,  -71.00160289947058, Road CLOSED, }, Latitude= 41.62993824374992, Longitude= -71.00182763880997,  (at simulation time 198.402,800,000 s)
2023-09-25 08:46:11,581 INFO  - ,Received V2X Message from ,rsu_0, InterVehicleMsg{,28, 1775,  41.62984225180874,  -71.00160289947058, Road CLOSED, }, Latitude= 41.62993824374992, Longitude= -71.00182763880997,  (at simulation time 198.500,800,000 s)
2023-09-25 08:46:11,581 INFO  - ,Received V2X Message from ,rsu_0, InterVehicleMsg{,28, 1776,  41.62984225180874,  -71.00160289947058, Road CLOSED, }, Latitude= 41.62993824374992, Longitude= -71.00182763880997,  (at simulation time 198.603,300,000 s)
2023-09-25 08:46:11,581 INFO  - ,Received V2X Message from ,rsu_0, InterVehicleMsg{,28, 1777,  41.62984225180874,  -71.00160289947058, Road CLOSED, }, Latitude= 41.62993824374992, Longitude= -71.00182763880997,  (at simulation time 198.700,800,000 s)
2023-09-25 08:46:11,581 INFO  - ,Received V2X Message from ,rsu_0, InterVehicleMsg{,28, 1778,  41.62984225180874,  -71.00160289947058, Road CLOSED, }, Latitude= 41.62993824374992, Longitude= -71.00182763880997,  (at simulation time 198.801,300,000 s)
2023-09-25 08:46:11,581 INFO  - ,Received V2X Message from ,rsu_0, InterVehicleMsg{,28, 1779,  41.62984225180874,  -71.00160289947058, Road CLOSED, }, Latitude= 41.62993824374992, Longitude= -71.00182763880997,  (at simulation time 198.903,300,000 s)
2023-09-25 08:46:11,583 INFO  - ,Received V2X Message from ,rsu_0, InterVehicleMsg{,28, 1780,  41.62984225180874,  -71.00160289947058, Road CLOSED, }, Latitude= 41.629877692037134, Longitude= -71.00181162713267,  (at simulation time 199.003,800,000 s)
2023-09-25 08:46:11,583 INFO  - ,Received V2X Message from ,rsu_0, InterVehicleMsg{,28, 1781,  41.62984225180874,  -71.00160289947058, Road CLOSED, }, Latitude= 41.629877692037134, Longitude= -71.00181162713267,  (at simulation time 199.101,300,000 s)
2023-09-25 08:46:11,584 INFO  - ,Received V2X Message from ,rsu_0, InterVehicleMsg{,28, 1782,  41.62984225180874,  -71.00160289947058, Road CLOSED, }, Latitude= 41.629877692037134, Longitude= -71.00181162713267,  (at simulation time 199.202,800,000 s)
2023-09-25 08:46:11,584 INFO  - ,Received V2X Message from ,rsu_0, InterVehicleMsg{,28, 1783,  41.62984225180874,  -71.00160289947058, Road CLOSED, }, Latitude= 41.629877692037134, Longitude= -71.00181162713267,  (at simulation time 199.302,300,000 s)
2023-09-25 08:46:11,584 INFO  - ,Received V2X Message from ,rsu_0, InterVehicleMsg{,28, 1784,  41.62984225180874,  -71.00160289947058, Road CLOSED, }, Latitude= 41.629877692037134, Longitude= -71.00181162713267,  (at simulation time 199.404,300,000 s)
2023-09-25 08:46:11,584 INFO  - ,Received V2X Message from ,rsu_0, InterVehicleMsg{,28, 1785,  41.62984225180874,  -71.00160289947058, Road CLOSED, }, Latitude= 41.629877692037134, Longitude= -71.00181162713267,  (at simulation time 199.500,800,000 s)
2023-09-25 08:46:11,584 INFO  - ,Received V2X Message from ,rsu_0, InterVehicleMsg{,28, 1786,  41.62984225180874,  -71.00160289947058, Road CLOSED, }, Latitude= 41.629877692037134, Longitude= -71.00181162713267,  (at simulation time 199.604,300,000 s)
2023-09-25 08:46:11,584 INFO  - ,Received V2X Message from ,rsu_0, InterVehicleMsg{,28, 1787,  41.62984225180874,  -71.00160289947058, Road CLOSED, }, Latitude= 41.629877692037134, Longitude= -71.00181162713267,  (at simulation time 199.702,300,000 s)
2023-09-25 08:46:11,585 INFO  - ,Received V2X Message from ,rsu_0, InterVehicleMsg{,28, 1788,  41.62984225180874,  -71.00160289947058, Road CLOSED, }, Latitude= 41.629877692037134, Longitude= -71.00181162713267,  (at simulation time 199.801,300,000 s)
2023-09-25 08:46:11,585 INFO  - ,Received V2X Message from ,rsu_0, InterVehicleMsg{,28, 1789,  41.62984225180874,  -71.00160289947058, Road CLOSED, }, Latitude= 41.629877692037134, Longitude= -71.00181162713267,  (at simulation time 199.902,800,000 s)
2023-09-25 08:46:11,587 INFO  - ,Received V2X Message from ,rsu_0, InterVehicleMsg{,28, 1790,  41.62984225180874,  -71.00160289947058, Road CLOSED, }, Latitude= 41.629827603361385, Longitude= -71.00179838221914,  (at simulation time 200.002,800,000 s)
2023-09-25 08:46:11,588 INFO  - ,Received V2X Message from ,rsu_0, InterVehicleMsg{,28, 1791,  41.62984225180874,  -71.00160289947058, Road CLOSED, }, Latitude= 41.629827603361385, Longitude= -71.00179838221914,  (at simulation time 200.102,800,000 s)
2023-09-25 08:46:11,588 INFO  - ,Received V2X Message from ,rsu_0, InterVehicleMsg{,28, 1792,  41.62984225180874,  -71.00160289947058, Road CLOSED, }, Latitude= 41.629827603361385, Longitude= -71.00179838221914,  (at simulation time 200.202,800,000 s)
2023-09-25 08:46:11,588 INFO  - ,Received V2X Message from ,rsu_0, InterVehicleMsg{,28, 1793,  41.62984225180874,  -71.00160289947058, Road CLOSED, }, Latitude= 41.629827603361385, Longitude= -71.00179838221914,  (at simulation time 200.302,300,000 s)
2023-09-25 08:46:11,588 INFO  - ,Received V2X Message from ,rsu_0, InterVehicleMsg{,28, 1794,  41.62984225180874,  -71.00160289947058, Road CLOSED, }, Latitude= 41.629827603361385, Longitude= -71.00179838221914,  (at simulation time 200.402,800,000 s)
2023-09-25 08:46:11,588 INFO  - ,Received V2X Message from ,rsu_0, InterVehicleMsg{,28, 1795,  41.62984225180874,  -71.00160289947058, Road CLOSED, }, Latitude= 41.629827603361385, Longitude= -71.00179838221914,  (at simulation time 200.502,800,000 s)
2023-09-25 08:46:11,589 INFO  - ,Received V2X Message from ,rsu_0, InterVehicleMsg{,28, 1796,  41.62984225180874,  -71.00160289947058, Road CLOSED, }, Latitude= 41.629827603361385, Longitude= -71.00179838221914,  (at simulation time 200.604,300,000 s)
2023-09-25 08:46:11,589 INFO  - ,Received V2X Message from ,rsu_0, InterVehicleMsg{,28, 1797,  41.62984225180874,  -71.00160289947058, Road CLOSED, }, Latitude= 41.629827603361385, Longitude= -71.00179838221914,  (at simulation time 200.701,300,000 s)
2023-09-25 08:46:11,589 INFO  - ,Received V2X Message from ,rsu_0, InterVehicleMsg{,28, 1798,  41.62984225180874,  -71.00160289947058, Road CLOSED, }, Latitude= 41.629827603361385, Longitude= -71.00179838221914,  (at simulation time 200.801,300,000 s)
2023-09-25 08:46:11,589 INFO  - ,Received V2X Message from ,rsu_0, InterVehicleMsg{,28, 1799,  41.62984225180874,  -71.00160289947058, Road CLOSED, }, Latitude= 41.629827603361385, Longitude= -71.00179838221914,  (at simulation time 200.904,800,000 s)
2023-09-25 08:46:11,590 INFO  - ,Received V2X Message from ,rsu_0, InterVehicleMsg{,28, 1800,  41.62984225180874,  -71.00160289947058, Road CLOSED, }, Latitude= 41.6297707813632, Longitude= -71.00178457304888,  (at simulation time 201.002,800,000 s)
2023-09-25 08:46:11,591 INFO  - ,Received V2X Message from ,rsu_0, InterVehicleMsg{,28, 1801,  41.62984225180874,  -71.00160289947058, Road CLOSED, }, Latitude= 41.6297707813632, Longitude= -71.00178457304888,  (at simulation time 201.103,300,000 s)
2023-09-25 08:46:11,591 INFO  - ,Received V2X Message from ,rsu_0, InterVehicleMsg{,28, 1802,  41.62984225180874,  -71.00160289947058, Road CLOSED, }, Latitude= 41.6297707813632, Longitude= -71.00178457304888,  (at simulation time 201.203,800,000 s)
2023-09-25 08:46:11,591 INFO  - ,Received V2X Message from ,rsu_0, InterVehicleMsg{,28, 1803,  41.62984225180874,  -71.00160289947058, Road CLOSED, }, Latitude= 41.6297707813632, Longitude= -71.00178457304888,  (at simulation time 201.302,800,000 s)
2023-09-25 08:46:11,591 INFO  - ,Received V2X Message from ,rsu_0, InterVehicleMsg{,28, 1804,  41.62984225180874,  -71.00160289947058, Road CLOSED, }, Latitude= 41.6297707813632, Longitude= -71.00178457304888,  (at simulation time 201.404,800,000 s)
2023-09-25 08:46:11,591 INFO  - ,Received V2X Message from ,rsu_0, InterVehicleMsg{,28, 1805,  41.62984225180874,  -71.00160289947058, Road CLOSED, }, Latitude= 41.6297707813632, Longitude= -71.00178457304888,  (at simulation time 201.503,300,000 s)
2023-09-25 08:46:11,591 INFO  - ,Received V2X Message from ,rsu_0, InterVehicleMsg{,28, 1806,  41.62984225180874,  -71.00160289947058, Road CLOSED, }, Latitude= 41.6297707813632, Longitude= -71.00178457304888,  (at simulation time 201.603,300,000 s)
2023-09-25 08:46:11,592 INFO  - ,Received V2X Message from ,rsu_0, InterVehicleMsg{,28, 1807,  41.62984225180874,  -71.00160289947058, Road CLOSED, }, Latitude= 41.6297707813632, Longitude= -71.00178457304888,  (at simulation time 201.701,800,000 s)
2023-09-25 08:46:11,592 INFO  - ,Received V2X Message from ,rsu_0, InterVehicleMsg{,28, 1808,  41.62984225180874,  -71.00160289947058, Road CLOSED, }, Latitude= 41.6297707813632, Longitude= -71.00178457304888,  (at simulation time 201.802,800,000 s)
2023-09-25 08:46:11,592 INFO  - ,Received V2X Message from ,rsu_0, InterVehicleMsg{,28, 1809,  41.62984225180874,  -71.00160289947058, Road CLOSED, }, Latitude= 41.6297707813632, Longitude= -71.00178457304888,  (at simulation time 201.902,800,000 s)
2023-09-25 08:46:11,593 INFO  - ,Received V2X Message from ,rsu_0, InterVehicleMsg{,28, 1810,  41.62984225180874,  -71.00160289947058, Road CLOSED, }, Latitude= 41.629709702478834, Longitude= -71.00177027869059,  (at simulation time 202.002,800,000 s)
2023-09-25 08:46:11,593 INFO  - ,Received V2X Message from ,rsu_0, InterVehicleMsg{,28, 1811,  41.62984225180874,  -71.00160289947058, Road CLOSED, }, Latitude= 41.629709702478834, Longitude= -71.00177027869059,  (at simulation time 202.102,300,000 s)
2023-09-25 08:46:11,594 INFO  - ,Received V2X Message from ,rsu_0, InterVehicleMsg{,28, 1812,  41.62984225180874,  -71.00160289947058, Road CLOSED, }, Latitude= 41.629709702478834, Longitude= -71.00177027869059,  (at simulation time 202.200,800,000 s)
2023-09-25 08:46:11,594 INFO  - ,Received V2X Message from ,rsu_0, InterVehicleMsg{,28, 1813,  41.62984225180874,  -71.00160289947058, Road CLOSED, }, Latitude= 41.629709702478834, Longitude= -71.00177027869059,  (at simulation time 202.303,800,000 s)
2023-09-25 08:46:11,594 INFO  - ,Received V2X Message from ,rsu_0, InterVehicleMsg{,28, 1814,  41.62984225180874,  -71.00160289947058, Road CLOSED, }, Latitude= 41.629709702478834, Longitude= -71.00177027869059,  (at simulation time 202.402,800,000 s)
2023-09-25 08:46:11,594 INFO  - ,Received V2X Message from ,rsu_0, InterVehicleMsg{,28, 1815,  41.62984225180874,  -71.00160289947058, Road CLOSED, }, Latitude= 41.629709702478834, Longitude= -71.00177027869059,  (at simulation time 202.503,800,000 s)
2023-09-25 08:46:11,594 INFO  - ,Received V2X Message from ,rsu_0, InterVehicleMsg{,28, 1816,  41.62984225180874,  -71.00160289947058, Road CLOSED, }, Latitude= 41.629709702478834, Longitude= -71.00177027869059,  (at simulation time 202.602,300,000 s)
2023-09-25 08:46:11,594 INFO  - ,Received V2X Message from ,rsu_0, InterVehicleMsg{,28, 1817,  41.62984225180874,  -71.00160289947058, Road CLOSED, }, Latitude= 41.629709702478834, Longitude= -71.00177027869059,  (at simulation time 202.702,300,000 s)
2023-09-25 08:46:11,595 INFO  - ,Received V2X Message from ,rsu_0, InterVehicleMsg{,28, 1818,  41.62984225180874,  -71.00160289947058, Road CLOSED, }, Latitude= 41.629709702478834, Longitude= -71.00177027869059,  (at simulation time 202.802,800,000 s)
2023-09-25 08:46:11,595 INFO  - ,Received V2X Message from ,rsu_0, InterVehicleMsg{,28, 1819,  41.62984225180874,  -71.00160289947058, Road CLOSED, }, Latitude= 41.629709702478834, Longitude= -71.00177027869059,  (at simulation time 202.904,300,000 s)
2023-09-25 08:46:11,596 INFO  - ,Received V2X Message from ,rsu_0, InterVehicleMsg{,28, 1820,  41.62984225180874,  -71.00160289947058, Road CLOSED, }, Latitude= 41.629651771962706, Longitude= -71.00175773550403,  (at simulation time 203.003,800,000 s)
2023-09-25 08:46:11,596 INFO  - ,Received V2X Message from ,rsu_0, InterVehicleMsg{,28, 1821,  41.62984225180874,  -71.00160289947058, Road CLOSED, }, Latitude= 41.629651771962706, Longitude= -71.00175773550403,  (at simulation time 203.102,800,000 s)
2023-09-25 08:46:11,596 INFO  - ,Received V2X Message from ,rsu_0, InterVehicleMsg{,28, 1822,  41.62984225180874,  -71.00160289947058, Road CLOSED, }, Latitude= 41.629651771962706, Longitude= -71.00175773550403,  (at simulation time 203.204,300,000 s)
2023-09-25 08:46:11,596 INFO  - ,Received V2X Message from ,rsu_0, InterVehicleMsg{,28, 1823,  41.62984225180874,  -71.00160289947058, Road CLOSED, }, Latitude= 41.629651771962706, Longitude= -71.00175773550403,  (at simulation time 203.301,300,000 s)
2023-09-25 08:46:11,597 INFO  - ,Received V2X Message from ,rsu_0, InterVehicleMsg{,28, 1824,  41.62984225180874,  -71.00160289947058, Road CLOSED, }, Latitude= 41.629651771962706, Longitude= -71.00175773550403,  (at simulation time 203.403,300,000 s)
2023-09-25 08:46:11,597 INFO  - ,Received V2X Message from ,rsu_0, InterVehicleMsg{,28, 1825,  41.62984225180874,  -71.00160289947058, Road CLOSED, }, Latitude= 41.629651771962706, Longitude= -71.00175773550403,  (at simulation time 203.500,800,000 s)
2023-09-25 08:46:11,597 INFO  - ,Received V2X Message from ,rsu_0, InterVehicleMsg{,28, 1826,  41.62984225180874,  -71.00160289947058, Road CLOSED, }, Latitude= 41.629651771962706, Longitude= -71.00175773550403,  (at simulation time 203.602,800,000 s)
2023-09-25 08:46:11,597 INFO  - ,Received V2X Message from ,rsu_0, InterVehicleMsg{,28, 1827,  41.62984225180874,  -71.00160289947058, Road CLOSED, }, Latitude= 41.629651771962706, Longitude= -71.00175773550403,  (at simulation time 203.700,800,000 s)
2023-09-25 08:46:11,597 INFO  - ,Received V2X Message from ,rsu_0, InterVehicleMsg{,28, 1828,  41.62984225180874,  -71.00160289947058, Road CLOSED, }, Latitude= 41.629651771962706, Longitude= -71.00175773550403,  (at simulation time 203.801,800,000 s)
2023-09-25 08:46:11,598 INFO  - ,Received V2X Message from ,rsu_0, InterVehicleMsg{,28, 1829,  41.62984225180874,  -71.00160289947058, Road CLOSED, }, Latitude= 41.629651771962706, Longitude= -71.00175773550403,  (at simulation time 203.902,300,000 s)
2023-09-25 08:46:11,599 INFO  - ,Received V2X Message from ,rsu_0, InterVehicleMsg{,28, 1830,  41.62984225180874,  -71.00160289947058, Road CLOSED, }, Latitude= 41.62959296889526, Longitude= -71.0017459136072,  (at simulation time 204.002,800,000 s)
2023-09-25 08:46:11,599 INFO  - ,Received V2X Message from ,rsu_0, InterVehicleMsg{,28, 1831,  41.62984225180874,  -71.00160289947058, Road CLOSED, }, Latitude= 41.62959296889526, Longitude= -71.0017459136072,  (at simulation time 204.102,300,000 s)
2023-09-25 08:46:11,599 INFO  - ,Received V2X Message from ,rsu_0, InterVehicleMsg{,28, 1832,  41.62984225180874,  -71.00160289947058, Road CLOSED, }, Latitude= 41.62959296889526, Longitude= -71.0017459136072,  (at simulation time 204.203,800,000 s)
2023-09-25 08:46:11,599 INFO  - ,Received V2X Message from ,rsu_0, InterVehicleMsg{,28, 1833,  41.62984225180874,  -71.00160289947058, Road CLOSED, }, Latitude= 41.62959296889526, Longitude= -71.0017459136072,  (at simulation time 204.303,800,000 s)
2023-09-25 08:46:11,600 INFO  - ,Received V2X Message from ,rsu_0, InterVehicleMsg{,28, 1834,  41.62984225180874,  -71.00160289947058, Road CLOSED, }, Latitude= 41.62959296889526, Longitude= -71.0017459136072,  (at simulation time 204.400,800,000 s)
2023-09-25 08:46:11,600 INFO  - ,Received V2X Message from ,rsu_0, InterVehicleMsg{,28, 1835,  41.62984225180874,  -71.00160289947058, Road CLOSED, }, Latitude= 41.62959296889526, Longitude= -71.0017459136072,  (at simulation time 204.501,800,000 s)
2023-09-25 08:46:11,600 INFO  - ,Received V2X Message from ,rsu_0, InterVehicleMsg{,28, 1836,  41.62984225180874,  -71.00160289947058, Road CLOSED, }, Latitude= 41.62959296889526, Longitude= -71.0017459136072,  (at simulation time 204.602,800,000 s)
2023-09-25 08:46:11,600 INFO  - ,Received V2X Message from ,rsu_0, InterVehicleMsg{,28, 1837,  41.62984225180874,  -71.00160289947058, Road CLOSED, }, Latitude= 41.62959296889526, Longitude= -71.0017459136072,  (at simulation time 204.701,800,000 s)
2023-09-25 08:46:11,600 INFO  - ,Received V2X Message from ,rsu_0, InterVehicleMsg{,28, 1838,  41.62984225180874,  -71.00160289947058, Road CLOSED, }, Latitude= 41.62959296889526, Longitude= -71.0017459136072,  (at simulation time 204.801,800,000 s)
2023-09-25 08:46:11,601 INFO  - ,Received V2X Message from ,rsu_0, InterVehicleMsg{,28, 1839,  41.62984225180874,  -71.00160289947058, Road CLOSED, }, Latitude= 41.62959296889526, Longitude= -71.0017459136072,  (at simulation time 204.902,300,000 s)
2023-09-25 08:46:11,603 INFO  - ,Received V2X Message from ,rsu_0, InterVehicleMsg{,28, 1840,  41.62984225180874,  -71.00160289947058, Road CLOSED, }, Latitude= 41.62953839768832, Longitude= -71.00173558849113,  (at simulation time 205.002,300,000 s)
2023-09-25 08:46:11,603 INFO  - ,Received V2X Message from ,rsu_0, InterVehicleMsg{,28, 1841,  41.62984225180874,  -71.00160289947058, Road CLOSED, }, Latitude= 41.62953839768832, Longitude= -71.00173558849113,  (at simulation time 205.104,300,000 s)
2023-09-25 08:46:11,603 INFO  - ,Received V2X Message from ,rsu_0, InterVehicleMsg{,28, 1842,  41.62984225180874,  -71.00160289947058, Road CLOSED, }, Latitude= 41.62953839768832, Longitude= -71.00173558849113,  (at simulation time 205.202,800,000 s)
2023-09-25 08:46:11,603 INFO  - ,Received V2X Message from ,rsu_0, InterVehicleMsg{,28, 1843,  41.62984225180874,  -71.00160289947058, Road CLOSED, }, Latitude= 41.62953839768832, Longitude= -71.00173558849113,  (at simulation time 205.302,800,000 s)
2023-09-25 08:46:11,603 INFO  - ,Received V2X Message from ,rsu_0, InterVehicleMsg{,28, 1844,  41.62984225180874,  -71.00160289947058, Road CLOSED, }, Latitude= 41.62953839768832, Longitude= -71.00173558849113,  (at simulation time 205.401,800,000 s)
2023-09-25 08:46:11,604 INFO  - ,Received V2X Message from ,rsu_0, InterVehicleMsg{,28, 1845,  41.62984225180874,  -71.00160289947058, Road CLOSED, }, Latitude= 41.62953839768832, Longitude= -71.00173558849113,  (at simulation time 205.504,300,000 s)
2023-09-25 08:46:11,604 INFO  - ,Received V2X Message from ,rsu_0, InterVehicleMsg{,28, 1846,  41.62984225180874,  -71.00160289947058, Road CLOSED, }, Latitude= 41.62953839768832, Longitude= -71.00173558849113,  (at simulation time 205.603,300,000 s)
2023-09-25 08:46:11,604 INFO  - ,Received V2X Message from ,rsu_0, InterVehicleMsg{,28, 1847,  41.62984225180874,  -71.00160289947058, Road CLOSED, }, Latitude= 41.62953839768832, Longitude= -71.00173558849113,  (at simulation time 205.703,800,000 s)
2023-09-25 08:46:11,604 INFO  - ,Received V2X Message from ,rsu_0, InterVehicleMsg{,28, 1848,  41.62984225180874,  -71.00160289947058, Road CLOSED, }, Latitude= 41.62953839768832, Longitude= -71.00173558849113,  (at simulation time 205.802,300,000 s)
2023-09-25 08:46:11,604 INFO  - ,Received V2X Message from ,rsu_0, InterVehicleMsg{,28, 1849,  41.62984225180874,  -71.00160289947058, Road CLOSED, }, Latitude= 41.62953839768832, Longitude= -71.00173558849113,  (at simulation time 205.902,300,000 s)
2023-09-25 08:46:11,605 INFO  - ,Received V2X Message from ,rsu_0, InterVehicleMsg{,28, 1850,  41.62984225180874,  -71.00160289947058, Road CLOSED, }, Latitude= 41.62947641503753, Longitude= -71.00172580203855,  (at simulation time 206.004,300,000 s)
2023-09-25 08:46:11,606 INFO  - ,Received V2X Message from ,rsu_0, InterVehicleMsg{,28, 1851,  41.62984225180874,  -71.00160289947058, Road CLOSED, }, Latitude= 41.62947641503753, Longitude= -71.00172580203855,  (at simulation time 206.103,300,000 s)
2023-09-25 08:46:11,606 INFO  - ,Received V2X Message from ,rsu_0, InterVehicleMsg{,28, 1852,  41.62984225180874,  -71.00160289947058, Road CLOSED, }, Latitude= 41.62947641503753, Longitude= -71.00172580203855,  (at simulation time 206.203,800,000 s)
2023-09-25 08:46:11,606 INFO  - ,Received V2X Message from ,rsu_0, InterVehicleMsg{,28, 1853,  41.62984225180874,  -71.00160289947058, Road CLOSED, }, Latitude= 41.62947641503753, Longitude= -71.00172580203855,  (at simulation time 206.302,800,000 s)
2023-09-25 08:46:11,606 INFO  - ,Received V2X Message from ,rsu_0, InterVehicleMsg{,28, 1854,  41.62984225180874,  -71.00160289947058, Road CLOSED, }, Latitude= 41.62947641503753, Longitude= -71.00172580203855,  (at simulation time 206.402,800,000 s)
2023-09-25 08:46:11,606 INFO  - ,Received V2X Message from ,rsu_0, InterVehicleMsg{,28, 1855,  41.62984225180874,  -71.00160289947058, Road CLOSED, }, Latitude= 41.62947641503753, Longitude= -71.00172580203855,  (at simulation time 206.504,300,000 s)
2023-09-25 08:46:11,606 INFO  - ,Received V2X Message from ,rsu_0, InterVehicleMsg{,28, 1856,  41.62984225180874,  -71.00160289947058, Road CLOSED, }, Latitude= 41.62947641503753, Longitude= -71.00172580203855,  (at simulation time 206.601,800,000 s)
2023-09-25 08:46:11,606 INFO  - ,Received V2X Message from ,rsu_0, InterVehicleMsg{,28, 1857,  41.62984225180874,  -71.00160289947058, Road CLOSED, }, Latitude= 41.62947641503753, Longitude= -71.00172580203855,  (at simulation time 206.702,800,000 s)
2023-09-25 08:46:11,607 INFO  - ,Received V2X Message from ,rsu_0, InterVehicleMsg{,28, 1858,  41.62984225180874,  -71.00160289947058, Road CLOSED, }, Latitude= 41.62947641503753, Longitude= -71.00172580203855,  (at simulation time 206.801,300,000 s)
2023-09-25 08:46:11,607 INFO  - ,Received V2X Message from ,rsu_0, InterVehicleMsg{,28, 1859,  41.62984225180874,  -71.00160289947058, Road CLOSED, }, Latitude= 41.62947641503753, Longitude= -71.00172580203855,  (at simulation time 206.902,300,000 s)
2023-09-25 08:46:11,608 INFO  - ,Received V2X Message from ,rsu_0, InterVehicleMsg{,28, 1860,  41.62984225180874,  -71.00160289947058, Road CLOSED, }, Latitude= 41.62941190992662, Longitude= -71.00171565171954,  (at simulation time 207.004,800,000 s)
2023-09-25 08:46:11,608 INFO  - ,Received V2X Message from ,rsu_0, InterVehicleMsg{,28, 1861,  41.62984225180874,  -71.00160289947058, Road CLOSED, }, Latitude= 41.62941190992662, Longitude= -71.00171565171954,  (at simulation time 207.102,300,000 s)
2023-09-25 08:46:11,608 INFO  - ,Received V2X Message from ,rsu_0, InterVehicleMsg{,28, 1862,  41.62984225180874,  -71.00160289947058, Road CLOSED, }, Latitude= 41.62941190992662, Longitude= -71.00171565171954,  (at simulation time 207.202,800,000 s)
2023-09-25 08:46:11,608 INFO  - ,Received V2X Message from ,rsu_0, InterVehicleMsg{,28, 1863,  41.62984225180874,  -71.00160289947058, Road CLOSED, }, Latitude= 41.62941190992662, Longitude= -71.00171565171954,  (at simulation time 207.301,800,000 s)
2023-09-25 08:46:11,608 INFO  - ,Received V2X Message from ,rsu_0, InterVehicleMsg{,28, 1864,  41.62984225180874,  -71.00160289947058, Road CLOSED, }, Latitude= 41.62941190992662, Longitude= -71.00171565171954,  (at simulation time 207.402,300,000 s)
2023-09-25 08:46:11,608 INFO  - ,Received V2X Message from ,rsu_0, InterVehicleMsg{,28, 1865,  41.62984225180874,  -71.00160289947058, Road CLOSED, }, Latitude= 41.62941190992662, Longitude= -71.00171565171954,  (at simulation time 207.504,800,000 s)
2023-09-25 08:46:11,609 INFO  - ,Received V2X Message from ,rsu_0, InterVehicleMsg{,28, 1866,  41.62984225180874,  -71.00160289947058, Road CLOSED, }, Latitude= 41.62941190992662, Longitude= -71.00171565171954,  (at simulation time 207.603,800,000 s)
2023-09-25 08:46:11,609 INFO  - ,Received V2X Message from ,rsu_0, InterVehicleMsg{,28, 1867,  41.62984225180874,  -71.00160289947058, Road CLOSED, }, Latitude= 41.62941190992662, Longitude= -71.00171565171954,  (at simulation time 207.702,300,000 s)
2023-09-25 08:46:11,609 INFO  - ,Received V2X Message from ,rsu_0, InterVehicleMsg{,28, 1868,  41.62984225180874,  -71.00160289947058, Road CLOSED, }, Latitude= 41.62941190992662, Longitude= -71.00171565171954,  (at simulation time 207.802,300,000 s)
2023-09-25 08:46:11,609 INFO  - ,Received V2X Message from ,rsu_0, InterVehicleMsg{,28, 1869,  41.62984225180874,  -71.00160289947058, Road CLOSED, }, Latitude= 41.62941190992662, Longitude= -71.00171565171954,  (at simulation time 207.902,300,000 s)
2023-09-25 08:46:11,610 INFO  - ,Received V2X Message from ,rsu_0, InterVehicleMsg{,28, 1870,  41.62984225180874,  -71.00160289947058, Road CLOSED, }, Latitude= 41.62935229603212, Longitude= -71.00170632083484,  (at simulation time 208.003,300,000 s)
2023-09-25 08:46:11,610 INFO  - ,Received V2X Message from ,rsu_0, InterVehicleMsg{,28, 1871,  41.62984225180874,  -71.00160289947058, Road CLOSED, }, Latitude= 41.62935229603212, Longitude= -71.00170632083484,  (at simulation time 208.103,800,000 s)
2023-09-25 08:46:11,610 INFO  - ,Received V2X Message from ,rsu_0, InterVehicleMsg{,28, 1872,  41.62984225180874,  -71.00160289947058, Road CLOSED, }, Latitude= 41.62935229603212, Longitude= -71.00170632083484,  (at simulation time 208.202,300,000 s)
2023-09-25 08:46:11,610 INFO  - ,Received V2X Message from ,rsu_0, InterVehicleMsg{,28, 1873,  41.62984225180874,  -71.00160289947058, Road CLOSED, }, Latitude= 41.62935229603212, Longitude= -71.00170632083484,  (at simulation time 208.304,300,000 s)
2023-09-25 08:46:11,610 INFO  - ,Received V2X Message from ,rsu_0, InterVehicleMsg{,28, 1874,  41.62984225180874,  -71.00160289947058, Road CLOSED, }, Latitude= 41.62935229603212, Longitude= -71.00170632083484,  (at simulation time 208.401,800,000 s)
2023-09-25 08:46:11,611 INFO  - ,Received V2X Message from ,rsu_0, InterVehicleMsg{,28, 1875,  41.62984225180874,  -71.00160289947058, Road CLOSED, }, Latitude= 41.62935229603212, Longitude= -71.00170632083484,  (at simulation time 208.503,300,000 s)
2023-09-25 08:46:11,611 INFO  - ,Received V2X Message from ,rsu_0, InterVehicleMsg{,28, 1876,  41.62984225180874,  -71.00160289947058, Road CLOSED, }, Latitude= 41.62935229603212, Longitude= -71.00170632083484,  (at simulation time 208.601,800,000 s)
2023-09-25 08:46:11,611 INFO  - ,Received V2X Message from ,rsu_0, InterVehicleMsg{,28, 1877,  41.62984225180874,  -71.00160289947058, Road CLOSED, }, Latitude= 41.62935229603212, Longitude= -71.00170632083484,  (at simulation time 208.704,300,000 s)
2023-09-25 08:46:11,611 INFO  - ,Received V2X Message from ,rsu_0, InterVehicleMsg{,28, 1878,  41.62984225180874,  -71.00160289947058, Road CLOSED, }, Latitude= 41.62935229603212, Longitude= -71.00170632083484,  (at simulation time 208.802,800,000 s)
2023-09-25 08:46:11,611 INFO  - ,Received V2X Message from ,rsu_0, InterVehicleMsg{,28, 1879,  41.62984225180874,  -71.00160289947058, Road CLOSED, }, Latitude= 41.62935229603212, Longitude= -71.00170632083484,  (at simulation time 208.901,800,000 s)
2023-09-25 08:46:11,612 INFO  - ,Received V2X Message from ,rsu_0, InterVehicleMsg{,28, 1880,  41.62984225180874,  -71.00160289947058, Road CLOSED, }, Latitude= 41.629284263095116, Longitude= -71.00169750030297,  (at simulation time 209.002,800,000 s)
2023-09-25 08:46:11,613 INFO  - ,Received V2X Message from ,rsu_0, InterVehicleMsg{,28, 1881,  41.62984225180874,  -71.00160289947058, Road CLOSED, }, Latitude= 41.629284263095116, Longitude= -71.00169750030297,  (at simulation time 209.102,300,000 s)
2023-09-25 08:46:11,613 INFO  - ,Received V2X Message from ,rsu_0, InterVehicleMsg{,28, 1882,  41.62984225180874,  -71.00160289947058, Road CLOSED, }, Latitude= 41.629284263095116, Longitude= -71.00169750030297,  (at simulation time 209.202,800,000 s)
2023-09-25 08:46:11,613 INFO  - ,Received V2X Message from ,rsu_0, InterVehicleMsg{,28, 1883,  41.62984225180874,  -71.00160289947058, Road CLOSED, }, Latitude= 41.629284263095116, Longitude= -71.00169750030297,  (at simulation time 209.301,300,000 s)
2023-09-25 08:46:11,613 INFO  - ,Received V2X Message from ,rsu_0, InterVehicleMsg{,28, 1884,  41.62984225180874,  -71.00160289947058, Road CLOSED, }, Latitude= 41.629284263095116, Longitude= -71.00169750030297,  (at simulation time 209.402,800,000 s)
2023-09-25 08:46:11,613 INFO  - ,Received V2X Message from ,rsu_0, InterVehicleMsg{,28, 1885,  41.62984225180874,  -71.00160289947058, Road CLOSED, }, Latitude= 41.629284263095116, Longitude= -71.00169750030297,  (at simulation time 209.502,300,000 s)
2023-09-25 08:46:11,613 INFO  - ,Received V2X Message from ,rsu_0, InterVehicleMsg{,28, 1886,  41.62984225180874,  -71.00160289947058, Road CLOSED, }, Latitude= 41.629284263095116, Longitude= -71.00169750030297,  (at simulation time 209.603,300,000 s)
2023-09-25 08:46:11,614 INFO  - ,Received V2X Message from ,rsu_0, InterVehicleMsg{,28, 1887,  41.62984225180874,  -71.00160289947058, Road CLOSED, }, Latitude= 41.629284263095116, Longitude= -71.00169750030297,  (at simulation time 209.703,300,000 s)
2023-09-25 08:46:11,614 INFO  - ,Received V2X Message from ,rsu_0, InterVehicleMsg{,28, 1888,  41.62984225180874,  -71.00160289947058, Road CLOSED, }, Latitude= 41.629284263095116, Longitude= -71.00169750030297,  (at simulation time 209.803,800,000 s)
2023-09-25 08:46:11,614 INFO  - ,Received V2X Message from ,rsu_0, InterVehicleMsg{,28, 1889,  41.62984225180874,  -71.00160289947058, Road CLOSED, }, Latitude= 41.629284263095116, Longitude= -71.00169750030297,  (at simulation time 209.903,300,000 s)
2023-09-25 08:46:11,617 INFO  - ,Received V2X Message from ,rsu_0, InterVehicleMsg{,28, 1890,  41.62984225180874,  -71.00160289947058, Road CLOSED, }, Latitude= 41.62923125603516, Longitude= -71.00169219999336,  (at simulation time 210.000,800,000 s)
2023-09-25 08:46:11,617 INFO  - ,Received V2X Message from ,rsu_0, InterVehicleMsg{,28, 1891,  41.62984225180874,  -71.00160289947058, Road CLOSED, }, Latitude= 41.62923125603516, Longitude= -71.00169219999336,  (at simulation time 210.101,300,000 s)
2023-09-25 08:46:11,617 INFO  - ,Received V2X Message from ,rsu_0, InterVehicleMsg{,28, 1892,  41.62984225180874,  -71.00160289947058, Road CLOSED, }, Latitude= 41.62923125603516, Longitude= -71.00169219999336,  (at simulation time 210.203,300,000 s)
2023-09-25 08:46:11,617 INFO  - ,Received V2X Message from ,rsu_0, InterVehicleMsg{,28, 1893,  41.62984225180874,  -71.00160289947058, Road CLOSED, }, Latitude= 41.62923125603516, Longitude= -71.00169219999336,  (at simulation time 210.301,800,000 s)
2023-09-25 08:46:11,617 INFO  - ,Received V2X Message from ,rsu_0, InterVehicleMsg{,28, 1894,  41.62984225180874,  -71.00160289947058, Road CLOSED, }, Latitude= 41.62923125603516, Longitude= -71.00169219999336,  (at simulation time 210.403,800,000 s)
2023-09-25 08:46:11,618 INFO  - ,Received V2X Message from ,rsu_0, InterVehicleMsg{,28, 1895,  41.62984225180874,  -71.00160289947058, Road CLOSED, }, Latitude= 41.62923125603516, Longitude= -71.00169219999336,  (at simulation time 210.504,300,000 s)
2023-09-25 08:46:11,618 INFO  - ,Received V2X Message from ,rsu_0, InterVehicleMsg{,28, 1896,  41.62984225180874,  -71.00160289947058, Road CLOSED, }, Latitude= 41.62923125603516, Longitude= -71.00169219999336,  (at simulation time 210.603,800,000 s)
2023-09-25 08:46:11,618 INFO  - ,Received V2X Message from ,rsu_0, InterVehicleMsg{,28, 1897,  41.62984225180874,  -71.00160289947058, Road CLOSED, }, Latitude= 41.62923125603516, Longitude= -71.00169219999336,  (at simulation time 210.701,800,000 s)
2023-09-25 08:46:11,618 INFO  - ,Received V2X Message from ,rsu_0, InterVehicleMsg{,28, 1898,  41.62984225180874,  -71.00160289947058, Road CLOSED, }, Latitude= 41.62923125603516, Longitude= -71.00169219999336,  (at simulation time 210.802,800,000 s)
2023-09-25 08:46:11,618 INFO  - ,Received V2X Message from ,rsu_0, InterVehicleMsg{,28, 1899,  41.62984225180874,  -71.00160289947058, Road CLOSED, }, Latitude= 41.62923125603516, Longitude= -71.00169219999336,  (at simulation time 210.902,800,000 s)
2023-09-25 08:46:11,620 INFO  - ,Received V2X Message from ,rsu_0, InterVehicleMsg{,28, 1900,  41.62984225180874,  -71.00160289947058, Road CLOSED, }, Latitude= 41.62918067610712, Longitude= -71.00168714238855,  (at simulation time 211.003,800,000 s)
2023-09-25 08:46:11,620 INFO  - ,Received V2X Message from ,rsu_0, InterVehicleMsg{,28, 1901,  41.62984225180874,  -71.00160289947058, Road CLOSED, }, Latitude= 41.62918067610712, Longitude= -71.00168714238855,  (at simulation time 211.103,800,000 s)
2023-09-25 08:46:11,620 INFO  - ,Received V2X Message from ,rsu_0, InterVehicleMsg{,28, 1902,  41.62984225180874,  -71.00160289947058, Road CLOSED, }, Latitude= 41.62918067610712, Longitude= -71.00168714238855,  (at simulation time 211.203,300,000 s)
2023-09-25 08:46:11,620 INFO  - ,Received V2X Message from ,rsu_0, InterVehicleMsg{,28, 1903,  41.62984225180874,  -71.00160289947058, Road CLOSED, }, Latitude= 41.62918067610712, Longitude= -71.00168714238855,  (at simulation time 211.302,800,000 s)
2023-09-25 08:46:11,621 INFO  - ,Received V2X Message from ,rsu_0, InterVehicleMsg{,28, 1904,  41.62984225180874,  -71.00160289947058, Road CLOSED, }, Latitude= 41.62918067610712, Longitude= -71.00168714238855,  (at simulation time 211.402,800,000 s)
2023-09-25 08:46:11,621 INFO  - ,Received V2X Message from ,rsu_0, InterVehicleMsg{,28, 1905,  41.62984225180874,  -71.00160289947058, Road CLOSED, }, Latitude= 41.62918067610712, Longitude= -71.00168714238855,  (at simulation time 211.501,300,000 s)
2023-09-25 08:46:11,621 INFO  - ,Received V2X Message from ,rsu_0, InterVehicleMsg{,28, 1906,  41.62984225180874,  -71.00160289947058, Road CLOSED, }, Latitude= 41.62918067610712, Longitude= -71.00168714238855,  (at simulation time 211.603,800,000 s)
2023-09-25 08:46:11,621 INFO  - ,Received V2X Message from ,rsu_0, InterVehicleMsg{,28, 1907,  41.62984225180874,  -71.00160289947058, Road CLOSED, }, Latitude= 41.62918067610712, Longitude= -71.00168714238855,  (at simulation time 211.703,800,000 s)
2023-09-25 08:46:11,621 INFO  - ,Received V2X Message from ,rsu_0, InterVehicleMsg{,28, 1908,  41.62984225180874,  -71.00160289947058, Road CLOSED, }, Latitude= 41.62918067610712, Longitude= -71.00168714238855,  (at simulation time 211.802,300,000 s)
2023-09-25 08:46:11,621 INFO  - ,Received V2X Message from ,rsu_0, InterVehicleMsg{,28, 1909,  41.62984225180874,  -71.00160289947058, Road CLOSED, }, Latitude= 41.62918067610712, Longitude= -71.00168714238855,  (at simulation time 211.903,800,000 s)
2023-09-25 08:46:11,622 INFO  - ,Received V2X Message from ,rsu_0, InterVehicleMsg{,28, 1910,  41.62984225180874,  -71.00160289947058, Road CLOSED, }, Latitude= 41.62911934722154, Longitude= -71.00168099924855,  (at simulation time 212.001,300,000 s)
2023-09-25 08:46:11,623 INFO  - ,Received V2X Message from ,rsu_0, InterVehicleMsg{,28, 1911,  41.62984225180874,  -71.00160289947058, Road CLOSED, }, Latitude= 41.62911934722154, Longitude= -71.00168099924855,  (at simulation time 212.102,800,000 s)
2023-09-25 08:46:11,623 INFO  - ,Received V2X Message from ,rsu_0, InterVehicleMsg{,28, 1912,  41.62984225180874,  -71.00160289947058, Road CLOSED, }, Latitude= 41.62911934722154, Longitude= -71.00168099924855,  (at simulation time 212.203,300,000 s)
2023-09-25 08:46:11,623 INFO  - ,Received V2X Message from ,rsu_0, InterVehicleMsg{,28, 1913,  41.62984225180874,  -71.00160289947058, Road CLOSED, }, Latitude= 41.62911934722154, Longitude= -71.00168099924855,  (at simulation time 212.301,800,000 s)
2023-09-25 08:46:11,623 INFO  - ,Received V2X Message from ,rsu_0, InterVehicleMsg{,28, 1914,  41.62984225180874,  -71.00160289947058, Road CLOSED, }, Latitude= 41.62911934722154, Longitude= -71.00168099924855,  (at simulation time 212.401,800,000 s)
2023-09-25 08:46:11,623 INFO  - ,Received V2X Message from ,rsu_0, InterVehicleMsg{,28, 1915,  41.62984225180874,  -71.00160289947058, Road CLOSED, }, Latitude= 41.62911934722154, Longitude= -71.00168099924855,  (at simulation time 212.503,800,000 s)
2023-09-25 08:46:11,623 INFO  - ,Received V2X Message from ,rsu_0, InterVehicleMsg{,28, 1916,  41.62984225180874,  -71.00160289947058, Road CLOSED, }, Latitude= 41.62911934722154, Longitude= -71.00168099924855,  (at simulation time 212.601,800,000 s)
2023-09-25 08:46:11,624 INFO  - ,Received V2X Message from ,rsu_0, InterVehicleMsg{,28, 1917,  41.62984225180874,  -71.00160289947058, Road CLOSED, }, Latitude= 41.62911934722154, Longitude= -71.00168099924855,  (at simulation time 212.703,800,000 s)
2023-09-25 08:46:11,624 INFO  - ,Received V2X Message from ,rsu_0, InterVehicleMsg{,28, 1918,  41.62984225180874,  -71.00160289947058, Road CLOSED, }, Latitude= 41.62911934722154, Longitude= -71.00168099924855,  (at simulation time 212.802,300,000 s)
2023-09-25 08:46:11,624 INFO  - ,Received V2X Message from ,rsu_0, InterVehicleMsg{,28, 1919,  41.62984225180874,  -71.00160289947058, Road CLOSED, }, Latitude= 41.62911934722154, Longitude= -71.00168099924855,  (at simulation time 212.901,300,000 s)
2023-09-25 08:46:11,625 INFO  - ,Received V2X Message from ,rsu_0, InterVehicleMsg{,28, 1920,  41.62984225180874,  -71.00160289947058, Road CLOSED, }, Latitude= 41.62905927885722, Longitude= -71.00167607069109,  (at simulation time 213.003,800,000 s)
2023-09-25 08:46:11,625 INFO  - ,Received V2X Message from ,rsu_0, InterVehicleMsg{,28, 1921,  41.62984225180874,  -71.00160289947058, Road CLOSED, }, Latitude= 41.62905927885722, Longitude= -71.00167607069109,  (at simulation time 213.100,800,000 s)
2023-09-25 08:46:11,625 INFO  - ,Received V2X Message from ,rsu_0, InterVehicleMsg{,28, 1922,  41.62984225180874,  -71.00160289947058, Road CLOSED, }, Latitude= 41.62905927885722, Longitude= -71.00167607069109,  (at simulation time 213.203,800,000 s)
2023-09-25 08:46:11,625 INFO  - ,Received V2X Message from ,rsu_0, InterVehicleMsg{,28, 1923,  41.62984225180874,  -71.00160289947058, Road CLOSED, }, Latitude= 41.62905927885722, Longitude= -71.00167607069109,  (at simulation time 213.302,800,000 s)
2023-09-25 08:46:11,625 INFO  - ,Received V2X Message from ,rsu_0, InterVehicleMsg{,28, 1924,  41.62984225180874,  -71.00160289947058, Road CLOSED, }, Latitude= 41.62905927885722, Longitude= -71.00167607069109,  (at simulation time 213.402,800,000 s)
2023-09-25 08:46:11,625 INFO  - ,Received V2X Message from ,rsu_0, InterVehicleMsg{,28, 1925,  41.62984225180874,  -71.00160289947058, Road CLOSED, }, Latitude= 41.62905927885722, Longitude= -71.00167607069109,  (at simulation time 213.504,300,000 s)
2023-09-25 08:46:11,626 INFO  - ,Received V2X Message from ,rsu_0, InterVehicleMsg{,28, 1926,  41.62984225180874,  -71.00160289947058, Road CLOSED, }, Latitude= 41.62905927885722, Longitude= -71.00167607069109,  (at simulation time 213.603,300,000 s)
2023-09-25 08:46:11,626 INFO  - ,Received V2X Message from ,rsu_0, InterVehicleMsg{,28, 1927,  41.62984225180874,  -71.00160289947058, Road CLOSED, }, Latitude= 41.62905927885722, Longitude= -71.00167607069109,  (at simulation time 213.702,800,000 s)
2023-09-25 08:46:11,626 INFO  - ,Received V2X Message from ,rsu_0, InterVehicleMsg{,28, 1928,  41.62984225180874,  -71.00160289947058, Road CLOSED, }, Latitude= 41.62905927885722, Longitude= -71.00167607069109,  (at simulation time 213.801,300,000 s)
2023-09-25 08:46:11,626 INFO  - ,Received V2X Message from ,rsu_0, InterVehicleMsg{,28, 1929,  41.62984225180874,  -71.00160289947058, Road CLOSED, }, Latitude= 41.62905927885722, Longitude= -71.00167607069109,  (at simulation time 213.902,800,000 s)
2023-09-25 08:46:11,627 INFO  - ,Received V2X Message from ,rsu_0, InterVehicleMsg{,28, 1930,  41.62984225180874,  -71.00160289947058, Road CLOSED, }, Latitude= 41.62899856545297, Longitude= -71.00167339733963,  (at simulation time 214.004,800,000 s)
2023-09-25 08:46:11,627 INFO  - ,Received V2X Message from ,rsu_0, InterVehicleMsg{,28, 1931,  41.62984225180874,  -71.00160289947058, Road CLOSED, }, Latitude= 41.62899856545297, Longitude= -71.00167339733963,  (at simulation time 214.101,800,000 s)
2023-09-25 08:46:11,627 INFO  - ,Received V2X Message from ,rsu_0, InterVehicleMsg{,28, 1932,  41.62984225180874,  -71.00160289947058, Road CLOSED, }, Latitude= 41.62899856545297, Longitude= -71.00167339733963,  (at simulation time 214.203,800,000 s)
2023-09-25 08:46:11,627 INFO  - ,Received V2X Message from ,rsu_0, InterVehicleMsg{,28, 1933,  41.62984225180874,  -71.00160289947058, Road CLOSED, }, Latitude= 41.62899856545297, Longitude= -71.00167339733963,  (at simulation time 214.302,300,000 s)
2023-09-25 08:46:11,628 INFO  - ,Received V2X Message from ,rsu_0, InterVehicleMsg{,28, 1934,  41.62984225180874,  -71.00160289947058, Road CLOSED, }, Latitude= 41.62899856545297, Longitude= -71.00167339733963,  (at simulation time 214.401,300,000 s)
2023-09-25 08:46:11,628 INFO  - ,Received V2X Message from ,rsu_0, InterVehicleMsg{,28, 1935,  41.62984225180874,  -71.00160289947058, Road CLOSED, }, Latitude= 41.62899856545297, Longitude= -71.00167339733963,  (at simulation time 214.503,300,000 s)
2023-09-25 08:46:11,628 INFO  - ,Received V2X Message from ,rsu_0, InterVehicleMsg{,28, 1936,  41.62984225180874,  -71.00160289947058, Road CLOSED, }, Latitude= 41.62899856545297, Longitude= -71.00167339733963,  (at simulation time 214.602,800,000 s)
2023-09-25 08:46:11,628 INFO  - ,Received V2X Message from ,rsu_0, InterVehicleMsg{,28, 1937,  41.62984225180874,  -71.00160289947058, Road CLOSED, }, Latitude= 41.62899856545297, Longitude= -71.00167339733963,  (at simulation time 214.704,800,000 s)
2023-09-25 08:46:11,628 INFO  - ,Received V2X Message from ,rsu_0, InterVehicleMsg{,28, 1938,  41.62984225180874,  -71.00160289947058, Road CLOSED, }, Latitude= 41.62899856545297, Longitude= -71.00167339733963,  (at simulation time 214.802,800,000 s)
2023-09-25 08:46:11,628 INFO  - ,Received V2X Message from ,rsu_0, InterVehicleMsg{,28, 1939,  41.62984225180874,  -71.00160289947058, Road CLOSED, }, Latitude= 41.62899856545297, Longitude= -71.00167339733963,  (at simulation time 214.900,800,000 s)
2023-09-25 08:46:11,630 INFO  - ,Received V2X Message from ,rsu_0, InterVehicleMsg{,28, 1940,  41.62984225180874,  -71.00160289947058, Road CLOSED, }, Latitude= 41.6289364377368, Longitude= -71.00167066172028,  (at simulation time 215.002,300,000 s)
2023-09-25 08:46:11,630 INFO  - ,Received V2X Message from ,rsu_0, InterVehicleMsg{,28, 1941,  41.62984225180874,  -71.00160289947058, Road CLOSED, }, Latitude= 41.6289364377368, Longitude= -71.00167066172028,  (at simulation time 215.102,800,000 s)
2023-09-25 08:46:11,630 INFO  - ,Received V2X Message from ,rsu_0, InterVehicleMsg{,28, 1942,  41.62984225180874,  -71.00160289947058, Road CLOSED, }, Latitude= 41.6289364377368, Longitude= -71.00167066172028,  (at simulation time 215.201,800,000 s)
2023-09-25 08:46:11,630 INFO  - ,Received V2X Message from ,rsu_0, InterVehicleMsg{,28, 1943,  41.62984225180874,  -71.00160289947058, Road CLOSED, }, Latitude= 41.6289364377368, Longitude= -71.00167066172028,  (at simulation time 215.301,300,000 s)
2023-09-25 08:46:11,630 INFO  - ,Received V2X Message from ,rsu_0, InterVehicleMsg{,28, 1944,  41.62984225180874,  -71.00160289947058, Road CLOSED, }, Latitude= 41.6289364377368, Longitude= -71.00167066172028,  (at simulation time 215.402,300,000 s)
2023-09-25 08:46:11,631 INFO  - ,Received V2X Message from ,rsu_0, InterVehicleMsg{,28, 1945,  41.62984225180874,  -71.00160289947058, Road CLOSED, }, Latitude= 41.6289364377368, Longitude= -71.00167066172028,  (at simulation time 215.503,300,000 s)
2023-09-25 08:46:11,631 INFO  - ,Received V2X Message from ,rsu_0, InterVehicleMsg{,28, 1946,  41.62984225180874,  -71.00160289947058, Road CLOSED, }, Latitude= 41.6289364377368, Longitude= -71.00167066172028,  (at simulation time 215.602,800,000 s)
2023-09-25 08:46:11,631 INFO  - ,Received V2X Message from ,rsu_0, InterVehicleMsg{,28, 1947,  41.62984225180874,  -71.00160289947058, Road CLOSED, }, Latitude= 41.6289364377368, Longitude= -71.00167066172028,  (at simulation time 215.704,300,000 s)
2023-09-25 08:46:11,632 INFO  - ,Received V2X Message from ,rsu_0, InterVehicleMsg{,28, 1948,  41.62984225180874,  -71.00160289947058, Road CLOSED, }, Latitude= 41.6289364377368, Longitude= -71.00167066172028,  (at simulation time 215.803,300,000 s)
2023-09-25 08:46:11,632 INFO  - ,Received V2X Message from ,rsu_0, InterVehicleMsg{,28, 1949,  41.62984225180874,  -71.00160289947058, Road CLOSED, }, Latitude= 41.6289364377368, Longitude= -71.00167066172028,  (at simulation time 215.903,800,000 s)
2023-09-25 08:46:11,633 INFO  - ,Received V2X Message from ,rsu_0, InterVehicleMsg{,28, 1950,  41.62984225180874,  -71.00160289947058, Road CLOSED, }, Latitude= 41.62888919566908, Longitude= -71.00166858155373,  (at simulation time 216.003,300,000 s)
2023-09-25 08:46:11,633 INFO  - ,Received V2X Message from ,rsu_0, InterVehicleMsg{,28, 1951,  41.62984225180874,  -71.00160289947058, Road CLOSED, }, Latitude= 41.62888919566908, Longitude= -71.00166858155373,  (at simulation time 216.101,800,000 s)
2023-09-25 08:46:11,633 INFO  - ,Received V2X Message from ,rsu_0, InterVehicleMsg{,28, 1952,  41.62984225180874,  -71.00160289947058, Road CLOSED, }, Latitude= 41.62888919566908, Longitude= -71.00166858155373,  (at simulation time 216.203,800,000 s)
2023-09-25 08:46:11,633 INFO  - ,Received V2X Message from ,rsu_0, InterVehicleMsg{,28, 1953,  41.62984225180874,  -71.00160289947058, Road CLOSED, }, Latitude= 41.62888919566908, Longitude= -71.00166858155373,  (at simulation time 216.301,300,000 s)
2023-09-25 08:46:11,634 INFO  - ,Received V2X Message from ,rsu_0, InterVehicleMsg{,28, 1954,  41.62984225180874,  -71.00160289947058, Road CLOSED, }, Latitude= 41.62888919566908, Longitude= -71.00166858155373,  (at simulation time 216.401,300,000 s)
2023-09-25 08:46:11,634 INFO  - ,Received V2X Message from ,rsu_0, InterVehicleMsg{,28, 1955,  41.62984225180874,  -71.00160289947058, Road CLOSED, }, Latitude= 41.62888919566908, Longitude= -71.00166858155373,  (at simulation time 216.503,300,000 s)
2023-09-25 08:46:11,634 INFO  - ,Received V2X Message from ,rsu_0, InterVehicleMsg{,28, 1956,  41.62984225180874,  -71.00160289947058, Road CLOSED, }, Latitude= 41.62888919566908, Longitude= -71.00166858155373,  (at simulation time 216.604,300,000 s)
2023-09-25 08:46:11,634 INFO  - ,Received V2X Message from ,rsu_0, InterVehicleMsg{,28, 1957,  41.62984225180874,  -71.00160289947058, Road CLOSED, }, Latitude= 41.62888919566908, Longitude= -71.00166858155373,  (at simulation time 216.704,300,000 s)
2023-09-25 08:46:11,634 INFO  - ,Received V2X Message from ,rsu_0, InterVehicleMsg{,28, 1958,  41.62984225180874,  -71.00160289947058, Road CLOSED, }, Latitude= 41.62888919566908, Longitude= -71.00166858155373,  (at simulation time 216.802,800,000 s)
2023-09-25 08:46:11,634 INFO  - ,Received V2X Message from ,rsu_0, InterVehicleMsg{,28, 1959,  41.62984225180874,  -71.00160289947058, Road CLOSED, }, Latitude= 41.62888919566908, Longitude= -71.00166858155373,  (at simulation time 216.903,300,000 s)
2023-09-25 08:46:11,636 INFO  - ,Received V2X Message from ,rsu_0, InterVehicleMsg{,28, 1960,  41.62984225180874,  -71.00160289947058, Road CLOSED, }, Latitude= 41.62882475072981, Longitude= -71.00166661530453,  (at simulation time 217.003,800,000 s)
2023-09-25 08:46:11,636 INFO  - ,Received V2X Message from ,rsu_0, InterVehicleMsg{,28, 1961,  41.62984225180874,  -71.00160289947058, Road CLOSED, }, Latitude= 41.62882475072981, Longitude= -71.00166661530453,  (at simulation time 217.103,800,000 s)
2023-09-25 08:46:11,636 INFO  - ,Received V2X Message from ,rsu_0, InterVehicleMsg{,28, 1962,  41.62984225180874,  -71.00160289947058, Road CLOSED, }, Latitude= 41.62882475072981, Longitude= -71.00166661530453,  (at simulation time 217.202,800,000 s)
2023-09-25 08:46:11,636 INFO  - ,Received V2X Message from ,rsu_0, InterVehicleMsg{,28, 1963,  41.62984225180874,  -71.00160289947058, Road CLOSED, }, Latitude= 41.62882475072981, Longitude= -71.00166661530453,  (at simulation time 217.303,800,000 s)
2023-09-25 08:46:11,636 INFO  - ,Received V2X Message from ,rsu_0, InterVehicleMsg{,28, 1964,  41.62984225180874,  -71.00160289947058, Road CLOSED, }, Latitude= 41.62882475072981, Longitude= -71.00166661530453,  (at simulation time 217.402,300,000 s)
2023-09-25 08:46:11,636 INFO  - ,Received V2X Message from ,rsu_0, InterVehicleMsg{,28, 1965,  41.62984225180874,  -71.00160289947058, Road CLOSED, }, Latitude= 41.62882475072981, Longitude= -71.00166661530453,  (at simulation time 217.504,800,000 s)
2023-09-25 08:46:11,636 INFO  - ,Received V2X Message from ,rsu_0, InterVehicleMsg{,28, 1966,  41.62984225180874,  -71.00160289947058, Road CLOSED, }, Latitude= 41.62882475072981, Longitude= -71.00166661530453,  (at simulation time 217.602,800,000 s)
2023-09-25 08:46:11,637 INFO  - ,Received V2X Message from ,rsu_0, InterVehicleMsg{,28, 1967,  41.62984225180874,  -71.00160289947058, Road CLOSED, }, Latitude= 41.62882475072981, Longitude= -71.00166661530453,  (at simulation time 217.702,300,000 s)
2023-09-25 08:46:11,637 INFO  - ,Received V2X Message from ,rsu_0, InterVehicleMsg{,28, 1968,  41.62984225180874,  -71.00160289947058, Road CLOSED, }, Latitude= 41.62882475072981, Longitude= -71.00166661530453,  (at simulation time 217.803,800,000 s)
2023-09-25 08:46:11,637 INFO  - ,Received V2X Message from ,rsu_0, InterVehicleMsg{,28, 1969,  41.62984225180874,  -71.00160289947058, Road CLOSED, }, Latitude= 41.62882475072981, Longitude= -71.00166661530453,  (at simulation time 217.902,800,000 s)
2023-09-25 08:46:11,638 INFO  - ,Received V2X Message from ,rsu_0, InterVehicleMsg{,28, 1970,  41.62984225180874,  -71.00160289947058, Road CLOSED, }, Latitude= 41.62876402668976, Longitude= -71.00166736420033,  (at simulation time 218.003,300,000 s)
2023-09-25 08:46:11,638 INFO  - ,Received V2X Message from ,rsu_0, InterVehicleMsg{,28, 1971,  41.62984225180874,  -71.00160289947058, Road CLOSED, }, Latitude= 41.62876402668976, Longitude= -71.00166736420033,  (at simulation time 218.103,800,000 s)
2023-09-25 08:46:11,638 INFO  - ,Received V2X Message from ,rsu_0, InterVehicleMsg{,28, 1972,  41.62984225180874,  -71.00160289947058, Road CLOSED, }, Latitude= 41.62876402668976, Longitude= -71.00166736420033,  (at simulation time 218.201,300,000 s)
2023-09-25 08:46:11,638 INFO  - ,Received V2X Message from ,rsu_0, InterVehicleMsg{,28, 1973,  41.62984225180874,  -71.00160289947058, Road CLOSED, }, Latitude= 41.62876402668976, Longitude= -71.00166736420033,  (at simulation time 218.304,300,000 s)
2023-09-25 08:46:11,639 INFO  - ,Received V2X Message from ,rsu_0, InterVehicleMsg{,28, 1974,  41.62984225180874,  -71.00160289947058, Road CLOSED, }, Latitude= 41.62876402668976, Longitude= -71.00166736420033,  (at simulation time 218.403,800,000 s)
2023-09-25 08:46:11,639 INFO  - ,Received V2X Message from ,rsu_0, InterVehicleMsg{,28, 1975,  41.62984225180874,  -71.00160289947058, Road CLOSED, }, Latitude= 41.62876402668976, Longitude= -71.00166736420033,  (at simulation time 218.502,800,000 s)
2023-09-25 08:46:11,639 INFO  - ,Received V2X Message from ,rsu_0, InterVehicleMsg{,28, 1976,  41.62984225180874,  -71.00160289947058, Road CLOSED, }, Latitude= 41.62876402668976, Longitude= -71.00166736420033,  (at simulation time 218.603,300,000 s)
2023-09-25 08:46:11,639 INFO  - ,Received V2X Message from ,rsu_0, InterVehicleMsg{,28, 1977,  41.62984225180874,  -71.00160289947058, Road CLOSED, }, Latitude= 41.62876402668976, Longitude= -71.00166736420033,  (at simulation time 218.701,300,000 s)
2023-09-25 08:46:11,639 INFO  - ,Received V2X Message from ,rsu_0, InterVehicleMsg{,28, 1978,  41.62984225180874,  -71.00160289947058, Road CLOSED, }, Latitude= 41.62876402668976, Longitude= -71.00166736420033,  (at simulation time 218.801,300,000 s)
2023-09-25 08:46:11,639 INFO  - ,Received V2X Message from ,rsu_0, InterVehicleMsg{,28, 1979,  41.62984225180874,  -71.00160289947058, Road CLOSED, }, Latitude= 41.62876402668976, Longitude= -71.00166736420033,  (at simulation time 218.902,300,000 s)
2023-09-25 08:46:11,640 INFO  - ,Received V2X Message from ,rsu_0, InterVehicleMsg{,28, 1980,  41.62984225180874,  -71.00160289947058, Road CLOSED, }, Latitude= 41.628703465281156, Longitude= -71.00166811109128,  (at simulation time 219.001,300,000 s)
2023-09-25 08:46:11,641 INFO  - ,Received V2X Message from ,rsu_0, InterVehicleMsg{,28, 1981,  41.62984225180874,  -71.00160289947058, Road CLOSED, }, Latitude= 41.628703465281156, Longitude= -71.00166811109128,  (at simulation time 219.103,300,000 s)
2023-09-25 08:46:11,641 INFO  - ,Received V2X Message from ,rsu_0, InterVehicleMsg{,28, 1982,  41.62984225180874,  -71.00160289947058, Road CLOSED, }, Latitude= 41.628703465281156, Longitude= -71.00166811109128,  (at simulation time 219.202,300,000 s)
2023-09-25 08:46:11,641 INFO  - ,Received V2X Message from ,rsu_0, InterVehicleMsg{,28, 1983,  41.62984225180874,  -71.00160289947058, Road CLOSED, }, Latitude= 41.628703465281156, Longitude= -71.00166811109128,  (at simulation time 219.304,800,000 s)
2023-09-25 08:46:11,641 INFO  - ,Received V2X Message from ,rsu_0, InterVehicleMsg{,28, 1984,  41.62984225180874,  -71.00160289947058, Road CLOSED, }, Latitude= 41.628703465281156, Longitude= -71.00166811109128,  (at simulation time 219.403,800,000 s)
2023-09-25 08:46:11,641 INFO  - ,Received V2X Message from ,rsu_0, InterVehicleMsg{,28, 1985,  41.62984225180874,  -71.00160289947058, Road CLOSED, }, Latitude= 41.628703465281156, Longitude= -71.00166811109128,  (at simulation time 219.504,300,000 s)
2023-09-25 08:46:11,641 INFO  - ,Received V2X Message from ,rsu_0, InterVehicleMsg{,28, 1986,  41.62984225180874,  -71.00160289947058, Road CLOSED, }, Latitude= 41.628703465281156, Longitude= -71.00166811109128,  (at simulation time 219.602,800,000 s)
2023-09-25 08:46:11,641 INFO  - ,Received V2X Message from ,rsu_0, InterVehicleMsg{,28, 1987,  41.62984225180874,  -71.00160289947058, Road CLOSED, }, Latitude= 41.628703465281156, Longitude= -71.00166811109128,  (at simulation time 219.702,800,000 s)
2023-09-25 08:46:11,642 INFO  - ,Received V2X Message from ,rsu_0, InterVehicleMsg{,28, 1988,  41.62984225180874,  -71.00160289947058, Road CLOSED, }, Latitude= 41.628703465281156, Longitude= -71.00166811109128,  (at simulation time 219.802,300,000 s)
2023-09-25 08:46:11,642 INFO  - ,Received V2X Message from ,rsu_0, InterVehicleMsg{,28, 1989,  41.62984225180874,  -71.00160289947058, Road CLOSED, }, Latitude= 41.628703465281156, Longitude= -71.00166811109128,  (at simulation time 219.902,800,000 s)
2023-09-25 08:46:11,643 INFO  - ,Received V2X Message from ,rsu_0, InterVehicleMsg{,28, 1990,  41.62984225180874,  -71.00160289947058, Road CLOSED, }, Latitude= 41.62863881102569, Longitude= -71.00166890845932,  (at simulation time 220.003,800,000 s)
2023-09-25 08:46:11,644 INFO  - ,Received V2X Message from ,rsu_0, InterVehicleMsg{,28, 1991,  41.62984225180874,  -71.00160289947058, Road CLOSED, }, Latitude= 41.62863881102569, Longitude= -71.00166890845932,  (at simulation time 220.102,800,000 s)
2023-09-25 08:46:11,644 INFO  - ,Received V2X Message from ,rsu_0, InterVehicleMsg{,28, 1992,  41.62984225180874,  -71.00160289947058, Road CLOSED, }, Latitude= 41.62863881102569, Longitude= -71.00166890845932,  (at simulation time 220.202,800,000 s)
2023-09-25 08:46:11,644 INFO  - ,Received V2X Message from ,rsu_0, InterVehicleMsg{,28, 1993,  41.62984225180874,  -71.00160289947058, Road CLOSED, }, Latitude= 41.62863881102569, Longitude= -71.00166890845932,  (at simulation time 220.301,800,000 s)
2023-09-25 08:46:11,644 INFO  - ,Received V2X Message from ,rsu_0, InterVehicleMsg{,28, 1994,  41.62984225180874,  -71.00160289947058, Road CLOSED, }, Latitude= 41.62863881102569, Longitude= -71.00166890845932,  (at simulation time 220.403,300,000 s)
2023-09-25 08:46:11,644 INFO  - ,Received V2X Message from ,rsu_0, InterVehicleMsg{,28, 1995,  41.62984225180874,  -71.00160289947058, Road CLOSED, }, Latitude= 41.62863881102569, Longitude= -71.00166890845932,  (at simulation time 220.503,800,000 s)
2023-09-25 08:46:11,644 INFO  - ,Received V2X Message from ,rsu_0, InterVehicleMsg{,28, 1996,  41.62984225180874,  -71.00160289947058, Road CLOSED, }, Latitude= 41.62863881102569, Longitude= -71.00166890845932,  (at simulation time 220.601,300,000 s)
2023-09-25 08:46:11,644 INFO  - ,Received V2X Message from ,rsu_0, InterVehicleMsg{,28, 1997,  41.62984225180874,  -71.00160289947058, Road CLOSED, }, Latitude= 41.62863881102569, Longitude= -71.00166890845932,  (at simulation time 220.701,300,000 s)
2023-09-25 08:46:11,645 INFO  - ,Received V2X Message from ,rsu_0, InterVehicleMsg{,28, 1998,  41.62984225180874,  -71.00160289947058, Road CLOSED, }, Latitude= 41.62863881102569, Longitude= -71.00166890845932,  (at simulation time 220.803,800,000 s)
2023-09-25 08:46:11,645 INFO  - ,Received V2X Message from ,rsu_0, InterVehicleMsg{,28, 1999,  41.62984225180874,  -71.00160289947058, Road CLOSED, }, Latitude= 41.62863881102569, Longitude= -71.00166890845932,  (at simulation time 220.900,800,000 s)
2023-09-25 08:46:11,646 INFO  - ,Received V2X Message from ,rsu_0, InterVehicleMsg{,28, 2000,  41.62984225180874,  -71.00160289947058, Road CLOSED, }, Latitude= 41.6285756286785, Longitude= -71.001671133745,  (at simulation time 221.002,800,000 s)
2023-09-25 08:46:11,647 INFO  - ,Received V2X Message from ,rsu_0, InterVehicleMsg{,28, 2001,  41.62984225180874,  -71.00160289947058, Road CLOSED, }, Latitude= 41.6285756286785, Longitude= -71.001671133745,  (at simulation time 221.103,800,000 s)
2023-09-25 08:46:11,647 INFO  - ,Received V2X Message from ,rsu_0, InterVehicleMsg{,28, 2002,  41.62984225180874,  -71.00160289947058, Road CLOSED, }, Latitude= 41.6285756286785, Longitude= -71.001671133745,  (at simulation time 221.204,800,000 s)
2023-09-25 08:46:11,647 INFO  - ,Received V2X Message from ,rsu_0, InterVehicleMsg{,28, 2003,  41.62984225180874,  -71.00160289947058, Road CLOSED, }, Latitude= 41.6285756286785, Longitude= -71.001671133745,  (at simulation time 221.301,300,000 s)
2023-09-25 08:46:11,647 INFO  - ,Received V2X Message from ,rsu_0, InterVehicleMsg{,28, 2004,  41.62984225180874,  -71.00160289947058, Road CLOSED, }, Latitude= 41.6285756286785, Longitude= -71.001671133745,  (at simulation time 221.401,800,000 s)
2023-09-25 08:46:11,647 INFO  - ,Received V2X Message from ,rsu_0, InterVehicleMsg{,28, 2005,  41.62984225180874,  -71.00160289947058, Road CLOSED, }, Latitude= 41.6285756286785, Longitude= -71.001671133745,  (at simulation time 221.504,300,000 s)
2023-09-25 08:46:11,647 INFO  - ,Received V2X Message from ,rsu_0, InterVehicleMsg{,28, 2006,  41.62984225180874,  -71.00160289947058, Road CLOSED, }, Latitude= 41.6285756286785, Longitude= -71.001671133745,  (at simulation time 221.602,800,000 s)
2023-09-25 08:46:11,648 INFO  - ,Received V2X Message from ,rsu_0, InterVehicleMsg{,28, 2007,  41.62984225180874,  -71.00160289947058, Road CLOSED, }, Latitude= 41.6285756286785, Longitude= -71.001671133745,  (at simulation time 221.702,800,000 s)
2023-09-25 08:46:11,648 INFO  - ,Received V2X Message from ,rsu_0, InterVehicleMsg{,28, 2008,  41.62984225180874,  -71.00160289947058, Road CLOSED, }, Latitude= 41.6285756286785, Longitude= -71.001671133745,  (at simulation time 221.801,800,000 s)
2023-09-25 08:46:11,648 INFO  - ,Received V2X Message from ,rsu_0, InterVehicleMsg{,28, 2009,  41.62984225180874,  -71.00160289947058, Road CLOSED, }, Latitude= 41.6285756286785, Longitude= -71.001671133745,  (at simulation time 221.902,800,000 s)
2023-09-25 08:46:11,650 INFO  - ,Received V2X Message from ,rsu_0, InterVehicleMsg{,28, 2010,  41.62984225180874,  -71.00160289947058, Road CLOSED, }, Latitude= 41.62852031603935, Longitude= -71.00167487544991,  (at simulation time 222.003,300,000 s)
2023-09-25 08:46:11,650 INFO  - ,Received V2X Message from ,rsu_0, InterVehicleMsg{,28, 2011,  41.62984225180874,  -71.00160289947058, Road CLOSED, }, Latitude= 41.62852031603935, Longitude= -71.00167487544991,  (at simulation time 222.102,800,000 s)
2023-09-25 08:46:11,650 INFO  - ,Received V2X Message from ,rsu_0, InterVehicleMsg{,28, 2012,  41.62984225180874,  -71.00160289947058, Road CLOSED, }, Latitude= 41.62852031603935, Longitude= -71.00167487544991,  (at simulation time 222.202,800,000 s)
2023-09-25 08:46:11,651 INFO  - ,Received V2X Message from ,rsu_0, InterVehicleMsg{,28, 2013,  41.62984225180874,  -71.00160289947058, Road CLOSED, }, Latitude= 41.62852031603935, Longitude= -71.00167487544991,  (at simulation time 222.302,300,000 s)
2023-09-25 08:46:11,651 INFO  - ,Received V2X Message from ,rsu_0, InterVehicleMsg{,28, 2014,  41.62984225180874,  -71.00160289947058, Road CLOSED, }, Latitude= 41.62852031603935, Longitude= -71.00167487544991,  (at simulation time 222.400,800,000 s)
2023-09-25 08:46:11,651 INFO  - ,Received V2X Message from ,rsu_0, InterVehicleMsg{,28, 2015,  41.62984225180874,  -71.00160289947058, Road CLOSED, }, Latitude= 41.62852031603935, Longitude= -71.00167487544991,  (at simulation time 222.501,800,000 s)
2023-09-25 08:46:11,651 INFO  - ,Received V2X Message from ,rsu_0, InterVehicleMsg{,28, 2016,  41.62984225180874,  -71.00160289947058, Road CLOSED, }, Latitude= 41.62852031603935, Longitude= -71.00167487544991,  (at simulation time 222.603,800,000 s)
2023-09-25 08:46:11,651 INFO  - ,Received V2X Message from ,rsu_0, InterVehicleMsg{,28, 2017,  41.62984225180874,  -71.00160289947058, Road CLOSED, }, Latitude= 41.62852031603935, Longitude= -71.00167487544991,  (at simulation time 222.703,800,000 s)
2023-09-25 08:46:11,653 INFO  - ,Received V2X Message from ,rsu_0, InterVehicleMsg{,28, 2018,  41.62984225180874,  -71.00160289947058, Road CLOSED, }, Latitude= 41.62852031603935, Longitude= -71.00167487544991,  (at simulation time 222.803,300,000 s)
2023-09-25 08:46:11,653 INFO  - ,Received V2X Message from ,rsu_0, InterVehicleMsg{,28, 2019,  41.62984225180874,  -71.00160289947058, Road CLOSED, }, Latitude= 41.62852031603935, Longitude= -71.00167487544991,  (at simulation time 222.903,800,000 s)
2023-09-25 08:46:11,779 INFO  - ,Received V2X Message from ,rsu_1, InterVehicleMsg{,29, 2250,  41.625495625845225,  -71.00871956237185, Road CLOSED, }, Latitude= 41.62506742228655, Longitude= -71.00518169303857,  (at simulation time 300.004,800,000 s)
2023-09-25 08:46:11,779 INFO  - ,Received V2X Message from ,rsu_1, InterVehicleMsg{,29, 2251,  41.625495625845225,  -71.00871956237185, Road CLOSED, }, Latitude= 41.62506742228655, Longitude= -71.00518169303857,  (at simulation time 300.104,300,000 s)
2023-09-25 08:46:11,779 INFO  - ,Received V2X Message from ,rsu_1, InterVehicleMsg{,29, 2252,  41.625495625845225,  -71.00871956237185, Road CLOSED, }, Latitude= 41.62506742228655, Longitude= -71.00518169303857,  (at simulation time 300.202,300,000 s)
2023-09-25 08:46:11,779 INFO  - ,Received V2X Message from ,rsu_1, InterVehicleMsg{,29, 2253,  41.625495625845225,  -71.00871956237185, Road CLOSED, }, Latitude= 41.62506742228655, Longitude= -71.00518169303857,  (at simulation time 300.302,300,000 s)
2023-09-25 08:46:11,779 INFO  - ,Received V2X Message from ,rsu_1, InterVehicleMsg{,29, 2254,  41.625495625845225,  -71.00871956237185, Road CLOSED, }, Latitude= 41.62506742228655, Longitude= -71.00518169303857,  (at simulation time 300.403,300,000 s)
2023-09-25 08:46:11,779 INFO  - ,Received V2X Message from ,rsu_1, InterVehicleMsg{,29, 2255,  41.625495625845225,  -71.00871956237185, Road CLOSED, }, Latitude= 41.62506742228655, Longitude= -71.00518169303857,  (at simulation time 300.503,300,000 s)
2023-09-25 08:46:11,780 INFO  - ,Received V2X Message from ,rsu_1, InterVehicleMsg{,29, 2256,  41.625495625845225,  -71.00871956237185, Road CLOSED, }, Latitude= 41.62506742228655, Longitude= -71.00518169303857,  (at simulation time 300.602,800,000 s)
2023-09-25 08:46:11,780 INFO  - ,Received V2X Message from ,rsu_1, InterVehicleMsg{,29, 2257,  41.625495625845225,  -71.00871956237185, Road CLOSED, }, Latitude= 41.62506742228655, Longitude= -71.00518169303857,  (at simulation time 300.702,800,000 s)
2023-09-25 08:46:11,780 INFO  - ,Received V2X Message from ,rsu_1, InterVehicleMsg{,29, 2258,  41.625495625845225,  -71.00871956237185, Road CLOSED, }, Latitude= 41.62506742228655, Longitude= -71.00518169303857,  (at simulation time 300.803,300,000 s)
2023-09-25 08:46:11,780 INFO  - ,Received V2X Message from ,rsu_1, InterVehicleMsg{,29, 2259,  41.625495625845225,  -71.00871956237185, Road CLOSED, }, Latitude= 41.62506742228655, Longitude= -71.00518169303857,  (at simulation time 300.902,800,000 s)
2023-09-25 08:46:11,781 INFO  - ,Received V2X Message from ,rsu_1, InterVehicleMsg{,29, 2260,  41.625495625845225,  -71.00871956237185, Road CLOSED, }, Latitude= 41.625049919044365, Longitude= -71.005270377538,  (at simulation time 301.003,300,000 s)
2023-09-25 08:46:11,782 INFO  - ,Received V2X Message from ,rsu_1, InterVehicleMsg{,29, 2261,  41.625495625845225,  -71.00871956237185, Road CLOSED, }, Latitude= 41.625049919044365, Longitude= -71.005270377538,  (at simulation time 301.102,800,000 s)
2023-09-25 08:46:11,782 INFO  - ,Received V2X Message from ,rsu_1, InterVehicleMsg{,29, 2262,  41.625495625845225,  -71.00871956237185, Road CLOSED, }, Latitude= 41.625049919044365, Longitude= -71.005270377538,  (at simulation time 301.203,300,000 s)
2023-09-25 08:46:11,782 INFO  - ,Received V2X Message from ,rsu_1, InterVehicleMsg{,29, 2263,  41.625495625845225,  -71.00871956237185, Road CLOSED, }, Latitude= 41.625049919044365, Longitude= -71.005270377538,  (at simulation time 301.303,300,000 s)
2023-09-25 08:46:11,783 INFO  - ,Received V2X Message from ,rsu_1, InterVehicleMsg{,29, 2264,  41.625495625845225,  -71.00871956237185, Road CLOSED, }, Latitude= 41.625049919044365, Longitude= -71.005270377538,  (at simulation time 301.403,300,000 s)
2023-09-25 08:46:11,783 INFO  - ,Received V2X Message from ,rsu_1, InterVehicleMsg{,29, 2265,  41.625495625845225,  -71.00871956237185, Road CLOSED, }, Latitude= 41.625049919044365, Longitude= -71.005270377538,  (at simulation time 301.502,800,000 s)
2023-09-25 08:46:11,783 INFO  - ,Received V2X Message from ,rsu_1, InterVehicleMsg{,29, 2266,  41.625495625845225,  -71.00871956237185, Road CLOSED, }, Latitude= 41.625049919044365, Longitude= -71.005270377538,  (at simulation time 301.602,800,000 s)
2023-09-25 08:46:11,784 INFO  - ,Received V2X Message from ,rsu_1, InterVehicleMsg{,29, 2267,  41.625495625845225,  -71.00871956237185, Road CLOSED, }, Latitude= 41.625049919044365, Longitude= -71.005270377538,  (at simulation time 301.703,800,000 s)
2023-09-25 08:46:11,784 INFO  - ,Received V2X Message from ,rsu_1, InterVehicleMsg{,29, 2268,  41.625495625845225,  -71.00871956237185, Road CLOSED, }, Latitude= 41.625049919044365, Longitude= -71.005270377538,  (at simulation time 301.801,300,000 s)
2023-09-25 08:46:11,784 INFO  - ,Received V2X Message from ,rsu_1, InterVehicleMsg{,29, 2269,  41.625495625845225,  -71.00871956237185, Road CLOSED, }, Latitude= 41.625049919044365, Longitude= -71.005270377538,  (at simulation time 301.903,300,000 s)
2023-09-25 08:46:11,786 INFO  - ,Received V2X Message from ,rsu_1, InterVehicleMsg{,29, 2270,  41.625495625845225,  -71.00871956237185, Road CLOSED, }, Latitude= 41.625034779928775, Longitude= -71.00534712622876,  (at simulation time 302.003,300,000 s)
2023-09-25 08:46:11,786 INFO  - ,Received V2X Message from ,rsu_1, InterVehicleMsg{,29, 2271,  41.625495625845225,  -71.00871956237185, Road CLOSED, }, Latitude= 41.625034779928775, Longitude= -71.00534712622876,  (at simulation time 302.102,800,000 s)
2023-09-25 08:46:11,786 INFO  - ,Received V2X Message from ,rsu_1, InterVehicleMsg{,29, 2272,  41.625495625845225,  -71.00871956237185, Road CLOSED, }, Latitude= 41.625034779928775, Longitude= -71.00534712622876,  (at simulation time 302.201,300,000 s)
2023-09-25 08:46:11,786 INFO  - ,Received V2X Message from ,rsu_1, InterVehicleMsg{,29, 2273,  41.625495625845225,  -71.00871956237185, Road CLOSED, }, Latitude= 41.625034779928775, Longitude= -71.00534712622876,  (at simulation time 302.304,800,000 s)
2023-09-25 08:46:11,786 INFO  - ,Received V2X Message from ,rsu_1, InterVehicleMsg{,29, 2274,  41.625495625845225,  -71.00871956237185, Road CLOSED, }, Latitude= 41.625034779928775, Longitude= -71.00534712622876,  (at simulation time 302.401,300,000 s)
2023-09-25 08:46:11,787 INFO  - ,Received V2X Message from ,rsu_1, InterVehicleMsg{,29, 2275,  41.625495625845225,  -71.00871956237185, Road CLOSED, }, Latitude= 41.625034779928775, Longitude= -71.00534712622876,  (at simulation time 302.504,300,000 s)
2023-09-25 08:46:11,787 INFO  - ,Received V2X Message from ,rsu_1, InterVehicleMsg{,29, 2276,  41.625495625845225,  -71.00871956237185, Road CLOSED, }, Latitude= 41.625034779928775, Longitude= -71.00534712622876,  (at simulation time 302.602,800,000 s)
2023-09-25 08:46:11,787 INFO  - ,Received V2X Message from ,rsu_1, InterVehicleMsg{,29, 2277,  41.625495625845225,  -71.00871956237185, Road CLOSED, }, Latitude= 41.625034779928775, Longitude= -71.00534712622876,  (at simulation time 302.702,800,000 s)
2023-09-25 08:46:11,787 INFO  - ,Received V2X Message from ,rsu_1, InterVehicleMsg{,29, 2278,  41.625495625845225,  -71.00871956237185, Road CLOSED, }, Latitude= 41.625034779928775, Longitude= -71.00534712622876,  (at simulation time 302.802,300,000 s)
2023-09-25 08:46:11,787 INFO  - ,Received V2X Message from ,rsu_1, InterVehicleMsg{,29, 2279,  41.625495625845225,  -71.00871956237185, Road CLOSED, }, Latitude= 41.625034779928775, Longitude= -71.00534712622876,  (at simulation time 302.902,800,000 s)
2023-09-25 08:46:11,789 INFO  - ,Received V2X Message from ,rsu_1, InterVehicleMsg{,29, 2280,  41.625495625845225,  -71.00871956237185, Road CLOSED, }, Latitude= 41.62502124417187, Longitude= -71.0054157463438,  (at simulation time 303.003,800,000 s)
2023-09-25 08:46:11,789 INFO  - ,Received V2X Message from ,rsu_1, InterVehicleMsg{,29, 2281,  41.625495625845225,  -71.00871956237185, Road CLOSED, }, Latitude= 41.62502124417187, Longitude= -71.0054157463438,  (at simulation time 303.102,300,000 s)
2023-09-25 08:46:11,789 INFO  - ,Received V2X Message from ,rsu_1, InterVehicleMsg{,29, 2282,  41.625495625845225,  -71.00871956237185, Road CLOSED, }, Latitude= 41.62502124417187, Longitude= -71.0054157463438,  (at simulation time 303.201,300,000 s)
2023-09-25 08:46:11,789 INFO  - ,Received V2X Message from ,rsu_1, InterVehicleMsg{,29, 2283,  41.625495625845225,  -71.00871956237185, Road CLOSED, }, Latitude= 41.62502124417187, Longitude= -71.0054157463438,  (at simulation time 303.304,300,000 s)
2023-09-25 08:46:11,789 INFO  - ,Received V2X Message from ,rsu_1, InterVehicleMsg{,29, 2284,  41.625495625845225,  -71.00871956237185, Road CLOSED, }, Latitude= 41.62502124417187, Longitude= -71.0054157463438,  (at simulation time 303.404,300,000 s)
2023-09-25 08:46:11,790 INFO  - ,Received V2X Message from ,rsu_1, InterVehicleMsg{,29, 2285,  41.625495625845225,  -71.00871956237185, Road CLOSED, }, Latitude= 41.62502124417187, Longitude= -71.0054157463438,  (at simulation time 303.502,300,000 s)
2023-09-25 08:46:11,790 INFO  - ,Received V2X Message from ,rsu_1, InterVehicleMsg{,29, 2286,  41.625495625845225,  -71.00871956237185, Road CLOSED, }, Latitude= 41.62502124417187, Longitude= -71.0054157463438,  (at simulation time 303.600,800,000 s)
2023-09-25 08:46:11,790 INFO  - ,Received V2X Message from ,rsu_1, InterVehicleMsg{,29, 2287,  41.625495625845225,  -71.00871956237185, Road CLOSED, }, Latitude= 41.62502124417187, Longitude= -71.0054157463438,  (at simulation time 303.703,800,000 s)
2023-09-25 08:46:11,790 INFO  - ,Received V2X Message from ,rsu_1, InterVehicleMsg{,29, 2288,  41.625495625845225,  -71.00871956237185, Road CLOSED, }, Latitude= 41.62502124417187, Longitude= -71.0054157463438,  (at simulation time 303.803,300,000 s)
2023-09-25 08:46:11,790 INFO  - ,Received V2X Message from ,rsu_1, InterVehicleMsg{,29, 2289,  41.625495625845225,  -71.00871956237185, Road CLOSED, }, Latitude= 41.62502124417187, Longitude= -71.0054157463438,  (at simulation time 303.904,300,000 s)
2023-09-25 08:46:11,792 INFO  - ,Received V2X Message from ,rsu_1, InterVehicleMsg{,29, 2290,  41.625495625845225,  -71.00871956237185, Road CLOSED, }, Latitude= 41.62500603279408, Longitude= -71.00549286081227,  (at simulation time 304.003,300,000 s)
2023-09-25 08:46:11,792 INFO  - ,Received V2X Message from ,rsu_1, InterVehicleMsg{,29, 2291,  41.625495625845225,  -71.00871956237185, Road CLOSED, }, Latitude= 41.62500603279408, Longitude= -71.00549286081227,  (at simulation time 304.102,300,000 s)
2023-09-25 08:46:11,792 INFO  - ,Received V2X Message from ,rsu_1, InterVehicleMsg{,29, 2292,  41.625495625845225,  -71.00871956237185, Road CLOSED, }, Latitude= 41.62500603279408, Longitude= -71.00549286081227,  (at simulation time 304.203,300,000 s)
2023-09-25 08:46:11,792 INFO  - ,Received V2X Message from ,rsu_1, InterVehicleMsg{,29, 2293,  41.625495625845225,  -71.00871956237185, Road CLOSED, }, Latitude= 41.62500603279408, Longitude= -71.00549286081227,  (at simulation time 304.302,800,000 s)
2023-09-25 08:46:11,792 INFO  - ,Received V2X Message from ,rsu_1, InterVehicleMsg{,29, 2294,  41.625495625845225,  -71.00871956237185, Road CLOSED, }, Latitude= 41.62500603279408, Longitude= -71.00549286081227,  (at simulation time 304.402,300,000 s)
2023-09-25 08:46:11,792 INFO  - ,Received V2X Message from ,rsu_1, InterVehicleMsg{,29, 2295,  41.625495625845225,  -71.00871956237185, Road CLOSED, }, Latitude= 41.62500603279408, Longitude= -71.00549286081227,  (at simulation time 304.502,800,000 s)
2023-09-25 08:46:11,793 INFO  - ,Received V2X Message from ,rsu_1, InterVehicleMsg{,29, 2296,  41.625495625845225,  -71.00871956237185, Road CLOSED, }, Latitude= 41.62500603279408, Longitude= -71.00549286081227,  (at simulation time 304.603,300,000 s)
2023-09-25 08:46:11,793 INFO  - ,Received V2X Message from ,rsu_1, InterVehicleMsg{,29, 2297,  41.625495625845225,  -71.00871956237185, Road CLOSED, }, Latitude= 41.62500603279408, Longitude= -71.00549286081227,  (at simulation time 304.703,300,000 s)
2023-09-25 08:46:11,793 INFO  - ,Received V2X Message from ,rsu_1, InterVehicleMsg{,29, 2298,  41.625495625845225,  -71.00871956237185, Road CLOSED, }, Latitude= 41.62500603279408, Longitude= -71.00549286081227,  (at simulation time 304.801,800,000 s)
2023-09-25 08:46:11,793 INFO  - ,Received V2X Message from ,rsu_1, InterVehicleMsg{,29, 2299,  41.625495625845225,  -71.00871956237185, Road CLOSED, }, Latitude= 41.62500603279408, Longitude= -71.00549286081227,  (at simulation time 304.903,300,000 s)
2023-09-25 08:46:11,795 INFO  - ,Received V2X Message from ,rsu_1, InterVehicleMsg{,29, 2300,  41.625495625845225,  -71.00871956237185, Road CLOSED, }, Latitude= 41.62499372762944, Longitude= -71.00556150894477,  (at simulation time 305.003,800,000 s)
2023-09-25 08:46:11,795 INFO  - ,Received V2X Message from ,rsu_1, InterVehicleMsg{,29, 2301,  41.625495625845225,  -71.00871956237185, Road CLOSED, }, Latitude= 41.62499372762944, Longitude= -71.00556150894477,  (at simulation time 305.102,800,000 s)
2023-09-25 08:46:11,795 INFO  - ,Received V2X Message from ,rsu_1, InterVehicleMsg{,29, 2302,  41.625495625845225,  -71.00871956237185, Road CLOSED, }, Latitude= 41.62499372762944, Longitude= -71.00556150894477,  (at simulation time 305.201,300,000 s)
2023-09-25 08:46:11,795 INFO  - ,Received V2X Message from ,rsu_1, InterVehicleMsg{,29, 2303,  41.625495625845225,  -71.00871956237185, Road CLOSED, }, Latitude= 41.62499372762944, Longitude= -71.00556150894477,  (at simulation time 305.302,300,000 s)
2023-09-25 08:46:11,795 INFO  - ,Received V2X Message from ,rsu_1, InterVehicleMsg{,29, 2304,  41.625495625845225,  -71.00871956237185, Road CLOSED, }, Latitude= 41.62499372762944, Longitude= -71.00556150894477,  (at simulation time 305.402,300,000 s)
2023-09-25 08:46:11,796 INFO  - ,Received V2X Message from ,rsu_1, InterVehicleMsg{,29, 2305,  41.625495625845225,  -71.00871956237185, Road CLOSED, }, Latitude= 41.62499372762944, Longitude= -71.00556150894477,  (at simulation time 305.501,800,000 s)
2023-09-25 08:46:11,796 INFO  - ,Received V2X Message from ,rsu_1, InterVehicleMsg{,29, 2306,  41.625495625845225,  -71.00871956237185, Road CLOSED, }, Latitude= 41.62499372762944, Longitude= -71.00556150894477,  (at simulation time 305.603,300,000 s)
2023-09-25 08:46:11,796 INFO  - ,Received V2X Message from ,rsu_1, InterVehicleMsg{,29, 2307,  41.625495625845225,  -71.00871956237185, Road CLOSED, }, Latitude= 41.62499372762944, Longitude= -71.00556150894477,  (at simulation time 305.703,300,000 s)
2023-09-25 08:46:11,796 INFO  - ,Received V2X Message from ,rsu_1, InterVehicleMsg{,29, 2308,  41.625495625845225,  -71.00871956237185, Road CLOSED, }, Latitude= 41.62499372762944, Longitude= -71.00556150894477,  (at simulation time 305.803,300,000 s)
2023-09-25 08:46:11,796 INFO  - ,Received V2X Message from ,rsu_1, InterVehicleMsg{,29, 2309,  41.625495625845225,  -71.00871956237185, Road CLOSED, }, Latitude= 41.62499372762944, Longitude= -71.00556150894477,  (at simulation time 305.901,800,000 s)
2023-09-25 08:46:11,798 INFO  - ,Received V2X Message from ,rsu_1, InterVehicleMsg{,29, 2310,  41.625495625845225,  -71.00871956237185, Road CLOSED, }, Latitude= 41.6249809262496, Longitude= -71.00563687696192,  (at simulation time 306.003,800,000 s)
2023-09-25 08:46:11,798 INFO  - ,Received V2X Message from ,rsu_1, InterVehicleMsg{,29, 2311,  41.625495625845225,  -71.00871956237185, Road CLOSED, }, Latitude= 41.6249809262496, Longitude= -71.00563687696192,  (at simulation time 306.102,300,000 s)
2023-09-25 08:46:11,798 INFO  - ,Received V2X Message from ,rsu_1, InterVehicleMsg{,29, 2312,  41.625495625845225,  -71.00871956237185, Road CLOSED, }, Latitude= 41.6249809262496, Longitude= -71.00563687696192,  (at simulation time 306.201,300,000 s)
2023-09-25 08:46:11,798 INFO  - ,Received V2X Message from ,rsu_1, InterVehicleMsg{,29, 2313,  41.625495625845225,  -71.00871956237185, Road CLOSED, }, Latitude= 41.6249809262496, Longitude= -71.00563687696192,  (at simulation time 306.304,300,000 s)
2023-09-25 08:46:11,798 INFO  - ,Received V2X Message from ,rsu_1, InterVehicleMsg{,29, 2314,  41.625495625845225,  -71.00871956237185, Road CLOSED, }, Latitude= 41.6249809262496, Longitude= -71.00563687696192,  (at simulation time 306.404,800,000 s)
2023-09-25 08:46:11,799 INFO  - ,Received V2X Message from ,rsu_1, InterVehicleMsg{,29, 2315,  41.625495625845225,  -71.00871956237185, Road CLOSED, }, Latitude= 41.6249809262496, Longitude= -71.00563687696192,  (at simulation time 306.502,800,000 s)
2023-09-25 08:46:11,799 INFO  - ,Received V2X Message from ,rsu_1, InterVehicleMsg{,29, 2316,  41.625495625845225,  -71.00871956237185, Road CLOSED, }, Latitude= 41.6249809262496, Longitude= -71.00563687696192,  (at simulation time 306.604,300,000 s)
2023-09-25 08:46:11,799 INFO  - ,Received V2X Message from ,rsu_1, InterVehicleMsg{,29, 2317,  41.625495625845225,  -71.00871956237185, Road CLOSED, }, Latitude= 41.6249809262496, Longitude= -71.00563687696192,  (at simulation time 306.703,800,000 s)
2023-09-25 08:46:11,799 INFO  - ,Received V2X Message from ,rsu_1, InterVehicleMsg{,29, 2318,  41.625495625845225,  -71.00871956237185, Road CLOSED, }, Latitude= 41.6249809262496, Longitude= -71.00563687696192,  (at simulation time 306.804,800,000 s)
2023-09-25 08:46:11,800 INFO  - ,Received V2X Message from ,rsu_1, InterVehicleMsg{,29, 2319,  41.625495625845225,  -71.00871956237185, Road CLOSED, }, Latitude= 41.6249809262496, Longitude= -71.00563687696192,  (at simulation time 306.902,300,000 s)
2023-09-25 08:46:11,801 INFO  - ,Received V2X Message from ,rsu_1, InterVehicleMsg{,29, 2320,  41.625495625845225,  -71.00871956237185, Road CLOSED, }, Latitude= 41.624967103068954, Longitude= -71.00571826046446,  (at simulation time 307.002,800,000 s)
2023-09-25 08:46:11,801 INFO  - ,Received V2X Message from ,rsu_1, InterVehicleMsg{,29, 2321,  41.625495625845225,  -71.00871956237185, Road CLOSED, }, Latitude= 41.624967103068954, Longitude= -71.00571826046446,  (at simulation time 307.102,800,000 s)
2023-09-25 08:46:11,802 INFO  - ,Received V2X Message from ,rsu_1, InterVehicleMsg{,29, 2322,  41.625495625845225,  -71.00871956237185, Road CLOSED, }, Latitude= 41.624967103068954, Longitude= -71.00571826046446,  (at simulation time 307.201,300,000 s)
2023-09-25 08:46:11,802 INFO  - ,Received V2X Message from ,rsu_1, InterVehicleMsg{,29, 2323,  41.625495625845225,  -71.00871956237185, Road CLOSED, }, Latitude= 41.624967103068954, Longitude= -71.00571826046446,  (at simulation time 307.304,300,000 s)
2023-09-25 08:46:11,802 INFO  - ,Received V2X Message from ,rsu_1, InterVehicleMsg{,29, 2324,  41.625495625845225,  -71.00871956237185, Road CLOSED, }, Latitude= 41.624967103068954, Longitude= -71.00571826046446,  (at simulation time 307.401,800,000 s)
2023-09-25 08:46:11,802 INFO  - ,Received V2X Message from ,rsu_1, InterVehicleMsg{,29, 2325,  41.625495625845225,  -71.00871956237185, Road CLOSED, }, Latitude= 41.624967103068954, Longitude= -71.00571826046446,  (at simulation time 307.502,800,000 s)
2023-09-25 08:46:11,802 INFO  - ,Received V2X Message from ,rsu_1, InterVehicleMsg{,29, 2326,  41.625495625845225,  -71.00871956237185, Road CLOSED, }, Latitude= 41.624967103068954, Longitude= -71.00571826046446,  (at simulation time 307.602,800,000 s)
2023-09-25 08:46:11,802 INFO  - ,Received V2X Message from ,rsu_1, InterVehicleMsg{,29, 2327,  41.625495625845225,  -71.00871956237185, Road CLOSED, }, Latitude= 41.624967103068954, Longitude= -71.00571826046446,  (at simulation time 307.701,800,000 s)
2023-09-25 08:46:11,802 INFO  - ,Received V2X Message from ,rsu_1, InterVehicleMsg{,29, 2328,  41.625495625845225,  -71.00871956237185, Road CLOSED, }, Latitude= 41.624967103068954, Longitude= -71.00571826046446,  (at simulation time 307.802,800,000 s)
2023-09-25 08:46:11,803 INFO  - ,Received V2X Message from ,rsu_1, InterVehicleMsg{,29, 2329,  41.625495625845225,  -71.00871956237185, Road CLOSED, }, Latitude= 41.624967103068954, Longitude= -71.00571826046446,  (at simulation time 307.904,300,000 s)
2023-09-25 08:46:11,804 INFO  - ,Received V2X Message from ,rsu_1, InterVehicleMsg{,29, 2330,  41.625495625845225,  -71.00871956237185, Road CLOSED, }, Latitude= 41.624954106849785, Longitude= -71.00579477492046,  (at simulation time 308.001,800,000 s)
2023-09-25 08:46:11,804 INFO  - ,Received V2X Message from ,rsu_1, InterVehicleMsg{,29, 2331,  41.625495625845225,  -71.00871956237185, Road CLOSED, }, Latitude= 41.624954106849785, Longitude= -71.00579477492046,  (at simulation time 308.103,300,000 s)
2023-09-25 08:46:11,804 INFO  - ,Received V2X Message from ,rsu_1, InterVehicleMsg{,29, 2332,  41.625495625845225,  -71.00871956237185, Road CLOSED, }, Latitude= 41.624954106849785, Longitude= -71.00579477492046,  (at simulation time 308.202,800,000 s)
2023-09-25 08:46:11,804 INFO  - ,Received V2X Message from ,rsu_1, InterVehicleMsg{,29, 2333,  41.625495625845225,  -71.00871956237185, Road CLOSED, }, Latitude= 41.624954106849785, Longitude= -71.00579477492046,  (at simulation time 308.303,300,000 s)
2023-09-25 08:46:11,805 INFO  - ,Received V2X Message from ,rsu_1, InterVehicleMsg{,29, 2334,  41.625495625845225,  -71.00871956237185, Road CLOSED, }, Latitude= 41.624954106849785, Longitude= -71.00579477492046,  (at simulation time 308.402,800,000 s)
2023-09-25 08:46:11,805 INFO  - ,Received V2X Message from ,rsu_1, InterVehicleMsg{,29, 2335,  41.625495625845225,  -71.00871956237185, Road CLOSED, }, Latitude= 41.624954106849785, Longitude= -71.00579477492046,  (at simulation time 308.502,300,000 s)
2023-09-25 08:46:11,805 INFO  - ,Received V2X Message from ,rsu_1, InterVehicleMsg{,29, 2336,  41.625495625845225,  -71.00871956237185, Road CLOSED, }, Latitude= 41.624954106849785, Longitude= -71.00579477492046,  (at simulation time 308.601,300,000 s)
2023-09-25 08:46:11,805 INFO  - ,Received V2X Message from ,rsu_1, InterVehicleMsg{,29, 2337,  41.625495625845225,  -71.00871956237185, Road CLOSED, }, Latitude= 41.624954106849785, Longitude= -71.00579477492046,  (at simulation time 308.702,800,000 s)
2023-09-25 08:46:11,805 INFO  - ,Received V2X Message from ,rsu_1, InterVehicleMsg{,29, 2338,  41.625495625845225,  -71.00871956237185, Road CLOSED, }, Latitude= 41.624954106849785, Longitude= -71.00579477492046,  (at simulation time 308.802,300,000 s)
2023-09-25 08:46:11,805 INFO  - ,Received V2X Message from ,rsu_1, InterVehicleMsg{,29, 2339,  41.625495625845225,  -71.00871956237185, Road CLOSED, }, Latitude= 41.624954106849785, Longitude= -71.00579477492046,  (at simulation time 308.901,800,000 s)
2023-09-25 08:46:11,806 INFO  - ,Received V2X Message from ,rsu_1, InterVehicleMsg{,29, 2340,  41.625495625845225,  -71.00871956237185, Road CLOSED, }, Latitude= 41.624938987003915, Longitude= -71.00588379168668,  (at simulation time 309.002,800,000 s)
2023-09-25 08:46:11,806 INFO  - ,Received V2X Message from ,rsu_1, InterVehicleMsg{,29, 2341,  41.625495625845225,  -71.00871956237185, Road CLOSED, }, Latitude= 41.624938987003915, Longitude= -71.00588379168668,  (at simulation time 309.103,300,000 s)
2023-09-25 08:46:11,806 INFO  - ,Received V2X Message from ,rsu_1, InterVehicleMsg{,29, 2342,  41.625495625845225,  -71.00871956237185, Road CLOSED, }, Latitude= 41.624938987003915, Longitude= -71.00588379168668,  (at simulation time 309.204,800,000 s)
2023-09-25 08:46:11,807 INFO  - ,Received V2X Message from ,rsu_1, InterVehicleMsg{,29, 2343,  41.625495625845225,  -71.00871956237185, Road CLOSED, }, Latitude= 41.624938987003915, Longitude= -71.00588379168668,  (at simulation time 309.302,300,000 s)
2023-09-25 08:46:11,807 INFO  - ,Received V2X Message from ,rsu_1, InterVehicleMsg{,29, 2344,  41.625495625845225,  -71.00871956237185, Road CLOSED, }, Latitude= 41.624938987003915, Longitude= -71.00588379168668,  (at simulation time 309.403,800,000 s)
2023-09-25 08:46:11,807 INFO  - ,Received V2X Message from ,rsu_1, InterVehicleMsg{,29, 2345,  41.625495625845225,  -71.00871956237185, Road CLOSED, }, Latitude= 41.624938987003915, Longitude= -71.00588379168668,  (at simulation time 309.503,300,000 s)
2023-09-25 08:46:11,807 INFO  - ,Received V2X Message from ,rsu_1, InterVehicleMsg{,29, 2346,  41.625495625845225,  -71.00871956237185, Road CLOSED, }, Latitude= 41.624938987003915, Longitude= -71.00588379168668,  (at simulation time 309.602,300,000 s)
2023-09-25 08:46:11,807 INFO  - ,Received V2X Message from ,rsu_1, InterVehicleMsg{,29, 2347,  41.625495625845225,  -71.00871956237185, Road CLOSED, }, Latitude= 41.624938987003915, Longitude= -71.00588379168668,  (at simulation time 309.704,300,000 s)
2023-09-25 08:46:11,807 INFO  - ,Received V2X Message from ,rsu_1, InterVehicleMsg{,29, 2348,  41.625495625845225,  -71.00871956237185, Road CLOSED, }, Latitude= 41.624938987003915, Longitude= -71.00588379168668,  (at simulation time 309.802,300,000 s)
2023-09-25 08:46:11,807 INFO  - ,Received V2X Message from ,rsu_1, InterVehicleMsg{,29, 2349,  41.625495625845225,  -71.00871956237185, Road CLOSED, }, Latitude= 41.624938987003915, Longitude= -71.00588379168668,  (at simulation time 309.904,800,000 s)
2023-09-25 08:46:11,809 INFO  - ,Received V2X Message from ,rsu_1, InterVehicleMsg{,29, 2350,  41.625495625845225,  -71.00871956237185, Road CLOSED, }, Latitude= 41.62492739897965, Longitude= -71.00596347274455,  (at simulation time 310.003,800,000 s)
2023-09-25 08:46:11,809 INFO  - ,Received V2X Message from ,rsu_1, InterVehicleMsg{,29, 2351,  41.625495625845225,  -71.00871956237185, Road CLOSED, }, Latitude= 41.62492739897965, Longitude= -71.00596347274455,  (at simulation time 310.102,300,000 s)
2023-09-25 08:46:11,809 INFO  - ,Received V2X Message from ,rsu_1, InterVehicleMsg{,29, 2352,  41.625495625845225,  -71.00871956237185, Road CLOSED, }, Latitude= 41.62492739897965, Longitude= -71.00596347274455,  (at simulation time 310.204,300,000 s)
2023-09-25 08:46:11,809 INFO  - ,Received V2X Message from ,rsu_1, InterVehicleMsg{,29, 2353,  41.625495625845225,  -71.00871956237185, Road CLOSED, }, Latitude= 41.62492739897965, Longitude= -71.00596347274455,  (at simulation time 310.302,800,000 s)
2023-09-25 08:46:11,810 INFO  - ,Received V2X Message from ,rsu_1, InterVehicleMsg{,29, 2354,  41.625495625845225,  -71.00871956237185, Road CLOSED, }, Latitude= 41.62492739897965, Longitude= -71.00596347274455,  (at simulation time 310.402,800,000 s)
2023-09-25 08:46:11,810 INFO  - ,Received V2X Message from ,rsu_1, InterVehicleMsg{,29, 2355,  41.625495625845225,  -71.00871956237185, Road CLOSED, }, Latitude= 41.62492739897965, Longitude= -71.00596347274455,  (at simulation time 310.503,300,000 s)
2023-09-25 08:46:11,810 INFO  - ,Received V2X Message from ,rsu_1, InterVehicleMsg{,29, 2356,  41.625495625845225,  -71.00871956237185, Road CLOSED, }, Latitude= 41.62492739897965, Longitude= -71.00596347274455,  (at simulation time 310.604,300,000 s)
2023-09-25 08:46:11,810 INFO  - ,Received V2X Message from ,rsu_1, InterVehicleMsg{,29, 2357,  41.625495625845225,  -71.00871956237185, Road CLOSED, }, Latitude= 41.62492739897965, Longitude= -71.00596347274455,  (at simulation time 310.702,800,000 s)
2023-09-25 08:46:11,810 INFO  - ,Received V2X Message from ,rsu_1, InterVehicleMsg{,29, 2358,  41.625495625845225,  -71.00871956237185, Road CLOSED, }, Latitude= 41.62492739897965, Longitude= -71.00596347274455,  (at simulation time 310.803,800,000 s)
2023-09-25 08:46:11,811 INFO  - ,Received V2X Message from ,rsu_1, InterVehicleMsg{,29, 2359,  41.625495625845225,  -71.00871956237185, Road CLOSED, }, Latitude= 41.62492739897965, Longitude= -71.00596347274455,  (at simulation time 310.902,800,000 s)
2023-09-25 08:46:11,811 INFO  - ,Received V2X Message from ,rsu_1, InterVehicleMsg{,29, 2360,  41.625495625845225,  -71.00871956237185, Road CLOSED, }, Latitude= 41.6249165894748, Longitude= -71.00603891402149,  (at simulation time 311.002,800,000 s)
2023-09-25 08:46:11,812 INFO  - ,Received V2X Message from ,rsu_1, InterVehicleMsg{,29, 2361,  41.625495625845225,  -71.00871956237185, Road CLOSED, }, Latitude= 41.6249165894748, Longitude= -71.00603891402149,  (at simulation time 311.102,800,000 s)
2023-09-25 08:46:11,812 INFO  - ,Received V2X Message from ,rsu_1, InterVehicleMsg{,29, 2362,  41.625495625845225,  -71.00871956237185, Road CLOSED, }, Latitude= 41.6249165894748, Longitude= -71.00603891402149,  (at simulation time 311.203,800,000 s)
2023-09-25 08:46:11,812 INFO  - ,Received V2X Message from ,rsu_1, InterVehicleMsg{,29, 2363,  41.625495625845225,  -71.00871956237185, Road CLOSED, }, Latitude= 41.6249165894748, Longitude= -71.00603891402149,  (at simulation time 311.302,800,000 s)
2023-09-25 08:46:11,812 INFO  - ,Received V2X Message from ,rsu_1, InterVehicleMsg{,29, 2364,  41.625495625845225,  -71.00871956237185, Road CLOSED, }, Latitude= 41.6249165894748, Longitude= -71.00603891402149,  (at simulation time 311.402,800,000 s)
2023-09-25 08:46:11,812 INFO  - ,Received V2X Message from ,rsu_1, InterVehicleMsg{,29, 2365,  41.625495625845225,  -71.00871956237185, Road CLOSED, }, Latitude= 41.6249165894748, Longitude= -71.00603891402149,  (at simulation time 311.501,800,000 s)
2023-09-25 08:46:11,812 INFO  - ,Received V2X Message from ,rsu_1, InterVehicleMsg{,29, 2366,  41.625495625845225,  -71.00871956237185, Road CLOSED, }, Latitude= 41.6249165894748, Longitude= -71.00603891402149,  (at simulation time 311.602,800,000 s)
2023-09-25 08:46:11,812 INFO  - ,Received V2X Message from ,rsu_1, InterVehicleMsg{,29, 2367,  41.625495625845225,  -71.00871956237185, Road CLOSED, }, Latitude= 41.6249165894748, Longitude= -71.00603891402149,  (at simulation time 311.700,800,000 s)
2023-09-25 08:46:11,813 INFO  - ,Received V2X Message from ,rsu_1, InterVehicleMsg{,29, 2368,  41.625495625845225,  -71.00871956237185, Road CLOSED, }, Latitude= 41.6249165894748, Longitude= -71.00603891402149,  (at simulation time 311.801,300,000 s)
2023-09-25 08:46:11,813 INFO  - ,Received V2X Message from ,rsu_1, InterVehicleMsg{,29, 2369,  41.625495625845225,  -71.00871956237185, Road CLOSED, }, Latitude= 41.6249165894748, Longitude= -71.00603891402149,  (at simulation time 311.903,300,000 s)
2023-09-25 08:46:11,814 INFO  - ,Received V2X Message from ,rsu_1, InterVehicleMsg{,29, 2370,  41.625495625845225,  -71.00871956237185, Road CLOSED, }, Latitude= 41.62490654511138, Longitude= -71.00610901492225,  (at simulation time 312.004,300,000 s)
2023-09-25 08:46:11,814 INFO  - ,Received V2X Message from ,rsu_1, InterVehicleMsg{,29, 2371,  41.625495625845225,  -71.00871956237185, Road CLOSED, }, Latitude= 41.62490654511138, Longitude= -71.00610901492225,  (at simulation time 312.103,800,000 s)
2023-09-25 08:46:11,814 INFO  - ,Received V2X Message from ,rsu_1, InterVehicleMsg{,29, 2372,  41.625495625845225,  -71.00871956237185, Road CLOSED, }, Latitude= 41.62490654511138, Longitude= -71.00610901492225,  (at simulation time 312.203,300,000 s)
2023-09-25 08:46:11,814 INFO  - ,Received V2X Message from ,rsu_1, InterVehicleMsg{,29, 2373,  41.625495625845225,  -71.00871956237185, Road CLOSED, }, Latitude= 41.62490654511138, Longitude= -71.00610901492225,  (at simulation time 312.300,800,000 s)
2023-09-25 08:46:11,815 INFO  - ,Received V2X Message from ,rsu_1, InterVehicleMsg{,29, 2374,  41.625495625845225,  -71.00871956237185, Road CLOSED, }, Latitude= 41.62490654511138, Longitude= -71.00610901492225,  (at simulation time 312.404,800,000 s)
2023-09-25 08:46:11,815 INFO  - ,Received V2X Message from ,rsu_1, InterVehicleMsg{,29, 2375,  41.625495625845225,  -71.00871956237185, Road CLOSED, }, Latitude= 41.62490654511138, Longitude= -71.00610901492225,  (at simulation time 312.502,300,000 s)
2023-09-25 08:46:11,815 INFO  - ,Received V2X Message from ,rsu_1, InterVehicleMsg{,29, 2376,  41.625495625845225,  -71.00871956237185, Road CLOSED, }, Latitude= 41.62490654511138, Longitude= -71.00610901492225,  (at simulation time 312.603,800,000 s)
2023-09-25 08:46:11,815 INFO  - ,Received V2X Message from ,rsu_1, InterVehicleMsg{,29, 2377,  41.625495625845225,  -71.00871956237185, Road CLOSED, }, Latitude= 41.62490654511138, Longitude= -71.00610901492225,  (at simulation time 312.703,800,000 s)
2023-09-25 08:46:11,815 INFO  - ,Received V2X Message from ,rsu_1, InterVehicleMsg{,29, 2378,  41.625495625845225,  -71.00871956237185, Road CLOSED, }, Latitude= 41.62490654511138, Longitude= -71.00610901492225,  (at simulation time 312.802,800,000 s)
2023-09-25 08:46:11,816 INFO  - ,Received V2X Message from ,rsu_1, InterVehicleMsg{,29, 2379,  41.625495625845225,  -71.00871956237185, Road CLOSED, }, Latitude= 41.62490654511138, Longitude= -71.00610901492225,  (at simulation time 312.902,800,000 s)
2023-09-25 08:46:11,817 INFO  - ,Received V2X Message from ,rsu_1, InterVehicleMsg{,29, 2380,  41.625495625845225,  -71.00871956237185, Road CLOSED, }, Latitude= 41.624895951755526, Longitude= -71.0061829469662,  (at simulation time 313.002,800,000 s)
2023-09-25 08:46:11,817 INFO  - ,Received V2X Message from ,rsu_1, InterVehicleMsg{,29, 2381,  41.625495625845225,  -71.00871956237185, Road CLOSED, }, Latitude= 41.624895951755526, Longitude= -71.0061829469662,  (at simulation time 313.102,800,000 s)
2023-09-25 08:46:11,818 INFO  - ,Received V2X Message from ,rsu_1, InterVehicleMsg{,29, 2382,  41.625495625845225,  -71.00871956237185, Road CLOSED, }, Latitude= 41.624895951755526, Longitude= -71.0061829469662,  (at simulation time 313.202,800,000 s)
2023-09-25 08:46:11,818 INFO  - ,Received V2X Message from ,rsu_1, InterVehicleMsg{,29, 2383,  41.625495625845225,  -71.00871956237185, Road CLOSED, }, Latitude= 41.624895951755526, Longitude= -71.0061829469662,  (at simulation time 313.302,300,000 s)
2023-09-25 08:46:11,818 INFO  - ,Received V2X Message from ,rsu_1, InterVehicleMsg{,29, 2384,  41.625495625845225,  -71.00871956237185, Road CLOSED, }, Latitude= 41.624895951755526, Longitude= -71.0061829469662,  (at simulation time 313.403,800,000 s)
2023-09-25 08:46:11,818 INFO  - ,Received V2X Message from ,rsu_1, InterVehicleMsg{,29, 2385,  41.625495625845225,  -71.00871956237185, Road CLOSED, }, Latitude= 41.624895951755526, Longitude= -71.0061829469662,  (at simulation time 313.503,800,000 s)
2023-09-25 08:46:11,818 INFO  - ,Received V2X Message from ,rsu_1, InterVehicleMsg{,29, 2386,  41.625495625845225,  -71.00871956237185, Road CLOSED, }, Latitude= 41.624895951755526, Longitude= -71.0061829469662,  (at simulation time 313.604,300,000 s)
2023-09-25 08:46:11,819 INFO  - ,Received V2X Message from ,rsu_1, InterVehicleMsg{,29, 2387,  41.625495625845225,  -71.00871956237185, Road CLOSED, }, Latitude= 41.624895951755526, Longitude= -71.0061829469662,  (at simulation time 313.704,800,000 s)
2023-09-25 08:46:11,819 INFO  - ,Received V2X Message from ,rsu_1, InterVehicleMsg{,29, 2388,  41.625495625845225,  -71.00871956237185, Road CLOSED, }, Latitude= 41.624895951755526, Longitude= -71.0061829469662,  (at simulation time 313.804,800,000 s)
2023-09-25 08:46:11,819 INFO  - ,Received V2X Message from ,rsu_1, InterVehicleMsg{,29, 2389,  41.625495625845225,  -71.00871956237185, Road CLOSED, }, Latitude= 41.624895951755526, Longitude= -71.0061829469662,  (at simulation time 313.903,800,000 s)
2023-09-25 08:46:11,820 INFO  - ,Received V2X Message from ,rsu_1, InterVehicleMsg{,29, 2390,  41.625495625845225,  -71.00871956237185, Road CLOSED, }, Latitude= 41.624885436392496, Longitude= -71.00625633434034,  (at simulation time 314.003,800,000 s)
2023-09-25 08:46:11,820 INFO  - ,Received V2X Message from ,rsu_1, InterVehicleMsg{,29, 2391,  41.625495625845225,  -71.00871956237185, Road CLOSED, }, Latitude= 41.624885436392496, Longitude= -71.00625633434034,  (at simulation time 314.103,800,000 s)
2023-09-25 08:46:11,820 INFO  - ,Received V2X Message from ,rsu_1, InterVehicleMsg{,29, 2392,  41.625495625845225,  -71.00871956237185, Road CLOSED, }, Latitude= 41.624885436392496, Longitude= -71.00625633434034,  (at simulation time 314.201,800,000 s)
2023-09-25 08:46:11,820 INFO  - ,Received V2X Message from ,rsu_1, InterVehicleMsg{,29, 2393,  41.625495625845225,  -71.00871956237185, Road CLOSED, }, Latitude= 41.624885436392496, Longitude= -71.00625633434034,  (at simulation time 314.301,300,000 s)
2023-09-25 08:46:11,821 INFO  - ,Received V2X Message from ,rsu_1, InterVehicleMsg{,29, 2394,  41.625495625845225,  -71.00871956237185, Road CLOSED, }, Latitude= 41.624885436392496, Longitude= -71.00625633434034,  (at simulation time 314.403,300,000 s)
2023-09-25 08:46:11,821 INFO  - ,Received V2X Message from ,rsu_1, InterVehicleMsg{,29, 2395,  41.625495625845225,  -71.00871956237185, Road CLOSED, }, Latitude= 41.624885436392496, Longitude= -71.00625633434034,  (at simulation time 314.502,300,000 s)
2023-09-25 08:46:11,821 INFO  - ,Received V2X Message from ,rsu_1, InterVehicleMsg{,29, 2396,  41.625495625845225,  -71.00871956237185, Road CLOSED, }, Latitude= 41.624885436392496, Longitude= -71.00625633434034,  (at simulation time 314.602,300,000 s)
2023-09-25 08:46:11,821 INFO  - ,Received V2X Message from ,rsu_1, InterVehicleMsg{,29, 2397,  41.625495625845225,  -71.00871956237185, Road CLOSED, }, Latitude= 41.624885436392496, Longitude= -71.00625633434034,  (at simulation time 314.701,300,000 s)
2023-09-25 08:46:11,821 INFO  - ,Received V2X Message from ,rsu_1, InterVehicleMsg{,29, 2398,  41.625495625845225,  -71.00871956237185, Road CLOSED, }, Latitude= 41.624885436392496, Longitude= -71.00625633434034,  (at simulation time 314.801,300,000 s)
2023-09-25 08:46:11,821 INFO  - ,Received V2X Message from ,rsu_1, InterVehicleMsg{,29, 2399,  41.625495625845225,  -71.00871956237185, Road CLOSED, }, Latitude= 41.624885436392496, Longitude= -71.00625633434034,  (at simulation time 314.900,800,000 s)
2023-09-25 08:46:11,823 INFO  - ,Received V2X Message from ,rsu_1, InterVehicleMsg{,29, 2400,  41.625495625845225,  -71.00871956237185, Road CLOSED, }, Latitude= 41.62487446145835, Longitude= -71.0063450361683,  (at simulation time 315.001,800,000 s)
2023-09-25 08:46:11,823 INFO  - ,Received V2X Message from ,rsu_1, InterVehicleMsg{,29, 2401,  41.625495625845225,  -71.00871956237185, Road CLOSED, }, Latitude= 41.62487446145835, Longitude= -71.0063450361683,  (at simulation time 315.102,800,000 s)
2023-09-25 08:46:11,823 INFO  - ,Received V2X Message from ,rsu_1, InterVehicleMsg{,29, 2402,  41.625495625845225,  -71.00871956237185, Road CLOSED, }, Latitude= 41.62487446145835, Longitude= -71.0063450361683,  (at simulation time 315.203,800,000 s)
2023-09-25 08:46:11,823 INFO  - ,Received V2X Message from ,rsu_1, InterVehicleMsg{,29, 2403,  41.625495625845225,  -71.00871956237185, Road CLOSED, }, Latitude= 41.62487446145835, Longitude= -71.0063450361683,  (at simulation time 315.301,800,000 s)
2023-09-25 08:46:11,823 INFO  - ,Received V2X Message from ,rsu_1, InterVehicleMsg{,29, 2404,  41.625495625845225,  -71.00871956237185, Road CLOSED, }, Latitude= 41.62487446145835, Longitude= -71.0063450361683,  (at simulation time 315.403,800,000 s)
2023-09-25 08:46:11,823 INFO  - ,Received V2X Message from ,rsu_1, InterVehicleMsg{,29, 2405,  41.625495625845225,  -71.00871956237185, Road CLOSED, }, Latitude= 41.62487446145835, Longitude= -71.0063450361683,  (at simulation time 315.504,800,000 s)
2023-09-25 08:46:11,823 INFO  - ,Received V2X Message from ,rsu_1, InterVehicleMsg{,29, 2406,  41.625495625845225,  -71.00871956237185, Road CLOSED, }, Latitude= 41.62487446145835, Longitude= -71.0063450361683,  (at simulation time 315.602,800,000 s)
2023-09-25 08:46:11,823 INFO  - ,Received V2X Message from ,rsu_1, InterVehicleMsg{,29, 2407,  41.625495625845225,  -71.00871956237185, Road CLOSED, }, Latitude= 41.62487446145835, Longitude= -71.0063450361683,  (at simulation time 315.703,300,000 s)
2023-09-25 08:46:11,824 INFO  - ,Received V2X Message from ,rsu_1, InterVehicleMsg{,29, 2408,  41.625495625845225,  -71.00871956237185, Road CLOSED, }, Latitude= 41.62487446145835, Longitude= -71.0063450361683,  (at simulation time 315.804,300,000 s)
2023-09-25 08:46:11,824 INFO  - ,Received V2X Message from ,rsu_1, InterVehicleMsg{,29, 2409,  41.625495625845225,  -71.00871956237185, Road CLOSED, }, Latitude= 41.62487446145835, Longitude= -71.0063450361683,  (at simulation time 315.902,300,000 s)
2023-09-25 08:46:11,825 INFO  - ,Received V2X Message from ,rsu_1, InterVehicleMsg{,29, 2410,  41.625495625845225,  -71.00871956237185, Road CLOSED, }, Latitude= 41.62486642164602, Longitude= -71.00641124085834,  (at simulation time 316.002,800,000 s)
2023-09-25 08:46:11,825 INFO  - ,Received V2X Message from ,rsu_1, InterVehicleMsg{,29, 2411,  41.625495625845225,  -71.00871956237185, Road CLOSED, }, Latitude= 41.62486642164602, Longitude= -71.00641124085834,  (at simulation time 316.102,800,000 s)
2023-09-25 08:46:11,825 INFO  - ,Received V2X Message from ,rsu_1, InterVehicleMsg{,29, 2412,  41.625495625845225,  -71.00871956237185, Road CLOSED, }, Latitude= 41.62486642164602, Longitude= -71.00641124085834,  (at simulation time 316.203,300,000 s)
2023-09-25 08:46:11,825 INFO  - ,Received V2X Message from ,rsu_1, InterVehicleMsg{,29, 2413,  41.625495625845225,  -71.00871956237185, Road CLOSED, }, Latitude= 41.62486642164602, Longitude= -71.00641124085834,  (at simulation time 316.303,800,000 s)
2023-09-25 08:46:11,825 INFO  - ,Received V2X Message from ,rsu_1, InterVehicleMsg{,29, 2414,  41.625495625845225,  -71.00871956237185, Road CLOSED, }, Latitude= 41.62486642164602, Longitude= -71.00641124085834,  (at simulation time 316.403,800,000 s)
2023-09-25 08:46:11,825 INFO  - ,Received V2X Message from ,rsu_1, InterVehicleMsg{,29, 2415,  41.625495625845225,  -71.00871956237185, Road CLOSED, }, Latitude= 41.62486642164602, Longitude= -71.00641124085834,  (at simulation time 316.502,800,000 s)
2023-09-25 08:46:11,826 INFO  - ,Received V2X Message from ,rsu_1, InterVehicleMsg{,29, 2416,  41.625495625845225,  -71.00871956237185, Road CLOSED, }, Latitude= 41.62486642164602, Longitude= -71.00641124085834,  (at simulation time 316.602,800,000 s)
2023-09-25 08:46:11,826 INFO  - ,Received V2X Message from ,rsu_1, InterVehicleMsg{,29, 2417,  41.625495625845225,  -71.00871956237185, Road CLOSED, }, Latitude= 41.62486642164602, Longitude= -71.00641124085834,  (at simulation time 316.703,300,000 s)
2023-09-25 08:46:11,826 INFO  - ,Received V2X Message from ,rsu_1, InterVehicleMsg{,29, 2418,  41.625495625845225,  -71.00871956237185, Road CLOSED, }, Latitude= 41.62486642164602, Longitude= -71.00641124085834,  (at simulation time 316.800,800,000 s)
2023-09-25 08:46:11,826 INFO  - ,Received V2X Message from ,rsu_1, InterVehicleMsg{,29, 2419,  41.625495625845225,  -71.00871956237185, Road CLOSED, }, Latitude= 41.62486642164602, Longitude= -71.00641124085834,  (at simulation time 316.902,800,000 s)
2023-09-25 08:46:11,827 INFO  - ,Received V2X Message from ,rsu_1, InterVehicleMsg{,29, 2420,  41.625495625845225,  -71.00871956237185, Road CLOSED, }, Latitude= 41.62485653045936, Longitude= -71.0064926904356,  (at simulation time 317.003,800,000 s)
2023-09-25 08:46:11,827 INFO  - ,Received V2X Message from ,rsu_1, InterVehicleMsg{,29, 2421,  41.625495625845225,  -71.00871956237185, Road CLOSED, }, Latitude= 41.62485653045936, Longitude= -71.0064926904356,  (at simulation time 317.101,800,000 s)
2023-09-25 08:46:11,827 INFO  - ,Received V2X Message from ,rsu_1, InterVehicleMsg{,29, 2422,  41.625495625845225,  -71.00871956237185, Road CLOSED, }, Latitude= 41.62485653045936, Longitude= -71.0064926904356,  (at simulation time 317.203,800,000 s)
2023-09-25 08:46:11,827 INFO  - ,Received V2X Message from ,rsu_1, InterVehicleMsg{,29, 2423,  41.625495625845225,  -71.00871956237185, Road CLOSED, }, Latitude= 41.62485653045936, Longitude= -71.0064926904356,  (at simulation time 317.302,300,000 s)
2023-09-25 08:46:11,828 INFO  - ,Received V2X Message from ,rsu_1, InterVehicleMsg{,29, 2424,  41.625495625845225,  -71.00871956237185, Road CLOSED, }, Latitude= 41.62485653045936, Longitude= -71.0064926904356,  (at simulation time 317.401,800,000 s)
2023-09-25 08:46:11,828 INFO  - ,Received V2X Message from ,rsu_1, InterVehicleMsg{,29, 2425,  41.625495625845225,  -71.00871956237185, Road CLOSED, }, Latitude= 41.62485653045936, Longitude= -71.0064926904356,  (at simulation time 317.502,800,000 s)
2023-09-25 08:46:11,828 INFO  - ,Received V2X Message from ,rsu_1, InterVehicleMsg{,29, 2426,  41.625495625845225,  -71.00871956237185, Road CLOSED, }, Latitude= 41.62485653045936, Longitude= -71.0064926904356,  (at simulation time 317.603,800,000 s)
2023-09-25 08:46:11,828 INFO  - ,Received V2X Message from ,rsu_1, InterVehicleMsg{,29, 2427,  41.625495625845225,  -71.00871956237185, Road CLOSED, }, Latitude= 41.62485653045936, Longitude= -71.0064926904356,  (at simulation time 317.702,300,000 s)
2023-09-25 08:46:11,828 INFO  - ,Received V2X Message from ,rsu_1, InterVehicleMsg{,29, 2428,  41.625495625845225,  -71.00871956237185, Road CLOSED, }, Latitude= 41.62485653045936, Longitude= -71.0064926904356,  (at simulation time 317.802,800,000 s)
2023-09-25 08:46:11,828 INFO  - ,Received V2X Message from ,rsu_1, InterVehicleMsg{,29, 2429,  41.625495625845225,  -71.00871956237185, Road CLOSED, }, Latitude= 41.62485653045936, Longitude= -71.0064926904356,  (at simulation time 317.904,800,000 s)
2023-09-25 08:46:11,829 INFO  - ,Received V2X Message from ,rsu_1, InterVehicleMsg{,29, 2430,  41.625495625845225,  -71.00871956237185, Road CLOSED, }, Latitude= 41.62484951383443, Longitude= -71.00657861274429,  (at simulation time 318.003,300,000 s)
2023-09-25 08:46:11,830 INFO  - ,Received V2X Message from ,rsu_1, InterVehicleMsg{,29, 2431,  41.625495625845225,  -71.00871956237185, Road CLOSED, }, Latitude= 41.62484951383443, Longitude= -71.00657861274429,  (at simulation time 318.102,300,000 s)
2023-09-25 08:46:11,830 INFO  - ,Received V2X Message from ,rsu_1, InterVehicleMsg{,29, 2432,  41.625495625845225,  -71.00871956237185, Road CLOSED, }, Latitude= 41.62484951383443, Longitude= -71.00657861274429,  (at simulation time 318.202,800,000 s)
2023-09-25 08:46:11,830 INFO  - ,Received V2X Message from ,rsu_1, InterVehicleMsg{,29, 2433,  41.625495625845225,  -71.00871956237185, Road CLOSED, }, Latitude= 41.62484951383443, Longitude= -71.00657861274429,  (at simulation time 318.301,800,000 s)
2023-09-25 08:46:11,830 INFO  - ,Received V2X Message from ,rsu_1, InterVehicleMsg{,29, 2434,  41.625495625845225,  -71.00871956237185, Road CLOSED, }, Latitude= 41.62484951383443, Longitude= -71.00657861274429,  (at simulation time 318.402,800,000 s)
2023-09-25 08:46:11,830 INFO  - ,Received V2X Message from ,rsu_1, InterVehicleMsg{,29, 2435,  41.625495625845225,  -71.00871956237185, Road CLOSED, }, Latitude= 41.62484951383443, Longitude= -71.00657861274429,  (at simulation time 318.504,300,000 s)
2023-09-25 08:46:11,830 INFO  - ,Received V2X Message from ,rsu_1, InterVehicleMsg{,29, 2436,  41.625495625845225,  -71.00871956237185, Road CLOSED, }, Latitude= 41.62484951383443, Longitude= -71.00657861274429,  (at simulation time 318.603,300,000 s)
2023-09-25 08:46:11,830 INFO  - ,Received V2X Message from ,rsu_1, InterVehicleMsg{,29, 2437,  41.625495625845225,  -71.00871956237185, Road CLOSED, }, Latitude= 41.62484951383443, Longitude= -71.00657861274429,  (at simulation time 318.703,800,000 s)
2023-09-25 08:46:11,830 INFO  - ,Received V2X Message from ,rsu_1, InterVehicleMsg{,29, 2438,  41.625495625845225,  -71.00871956237185, Road CLOSED, }, Latitude= 41.62484951383443, Longitude= -71.00657861274429,  (at simulation time 318.802,800,000 s)
2023-09-25 08:46:11,830 INFO  - ,Received V2X Message from ,rsu_1, InterVehicleMsg{,29, 2439,  41.625495625845225,  -71.00871956237185, Road CLOSED, }, Latitude= 41.62484951383443, Longitude= -71.00657861274429,  (at simulation time 318.903,300,000 s)
2023-09-25 08:46:11,831 INFO  - ,Received V2X Message from ,rsu_1, InterVehicleMsg{,29, 2440,  41.625495625845225,  -71.00871956237185, Road CLOSED, }, Latitude= 41.62484452338325, Longitude= -71.00666079003317,  (at simulation time 319.003,300,000 s)
2023-09-25 08:46:11,831 INFO  - ,Received V2X Message from ,rsu_1, InterVehicleMsg{,29, 2441,  41.625495625845225,  -71.00871956237185, Road CLOSED, }, Latitude= 41.62484452338325, Longitude= -71.00666079003317,  (at simulation time 319.101,800,000 s)
2023-09-25 08:46:11,832 INFO  - ,Received V2X Message from ,rsu_1, InterVehicleMsg{,29, 2442,  41.625495625845225,  -71.00871956237185, Road CLOSED, }, Latitude= 41.62484452338325, Longitude= -71.00666079003317,  (at simulation time 319.204,300,000 s)
2023-09-25 08:46:11,832 INFO  - ,Received V2X Message from ,rsu_1, InterVehicleMsg{,29, 2443,  41.625495625845225,  -71.00871956237185, Road CLOSED, }, Latitude= 41.62484452338325, Longitude= -71.00666079003317,  (at simulation time 319.303,300,000 s)
2023-09-25 08:46:11,832 INFO  - ,Received V2X Message from ,rsu_1, InterVehicleMsg{,29, 2444,  41.625495625845225,  -71.00871956237185, Road CLOSED, }, Latitude= 41.62484452338325, Longitude= -71.00666079003317,  (at simulation time 319.404,300,000 s)
2023-09-25 08:46:11,833 INFO  - ,Received V2X Message from ,rsu_1, InterVehicleMsg{,29, 2445,  41.625495625845225,  -71.00871956237185, Road CLOSED, }, Latitude= 41.62484452338325, Longitude= -71.00666079003317,  (at simulation time 319.504,300,000 s)
2023-09-25 08:46:11,833 INFO  - ,Received V2X Message from ,rsu_1, InterVehicleMsg{,29, 2446,  41.625495625845225,  -71.00871956237185, Road CLOSED, }, Latitude= 41.62484452338325, Longitude= -71.00666079003317,  (at simulation time 319.601,300,000 s)
2023-09-25 08:46:11,833 INFO  - ,Received V2X Message from ,rsu_1, InterVehicleMsg{,29, 2447,  41.625495625845225,  -71.00871956237185, Road CLOSED, }, Latitude= 41.62484452338325, Longitude= -71.00666079003317,  (at simulation time 319.704,300,000 s)
2023-09-25 08:46:11,833 INFO  - ,Received V2X Message from ,rsu_1, InterVehicleMsg{,29, 2448,  41.625495625845225,  -71.00871956237185, Road CLOSED, }, Latitude= 41.62484452338325, Longitude= -71.00666079003317,  (at simulation time 319.801,300,000 s)
2023-09-25 08:46:11,833 INFO  - ,Received V2X Message from ,rsu_1, InterVehicleMsg{,29, 2449,  41.625495625845225,  -71.00871956237185, Road CLOSED, }, Latitude= 41.62484452338325, Longitude= -71.00666079003317,  (at simulation time 319.904,300,000 s)
2023-09-25 08:46:11,836 INFO  - ,Received V2X Message from ,rsu_1, InterVehicleMsg{,29, 2450,  41.625495625845225,  -71.00871956237185, Road CLOSED, }, Latitude= 41.624839463669815, Longitude= -71.00674410685848,  (at simulation time 320.004,300,000 s)
2023-09-25 08:46:11,836 INFO  - ,Received V2X Message from ,rsu_1, InterVehicleMsg{,29, 2451,  41.625495625845225,  -71.00871956237185, Road CLOSED, }, Latitude= 41.624839463669815, Longitude= -71.00674410685848,  (at simulation time 320.103,300,000 s)
2023-09-25 08:46:11,836 INFO  - ,Received V2X Message from ,rsu_1, InterVehicleMsg{,29, 2452,  41.625495625845225,  -71.00871956237185, Road CLOSED, }, Latitude= 41.624839463669815, Longitude= -71.00674410685848,  (at simulation time 320.203,800,000 s)
2023-09-25 08:46:11,836 INFO  - ,Received V2X Message from ,rsu_1, InterVehicleMsg{,29, 2453,  41.625495625845225,  -71.00871956237185, Road CLOSED, }, Latitude= 41.624839463669815, Longitude= -71.00674410685848,  (at simulation time 320.301,800,000 s)
2023-09-25 08:46:11,836 INFO  - ,Received V2X Message from ,rsu_1, InterVehicleMsg{,29, 2454,  41.625495625845225,  -71.00871956237185, Road CLOSED, }, Latitude= 41.624839463669815, Longitude= -71.00674410685848,  (at simulation time 320.401,800,000 s)
2023-09-25 08:46:11,836 INFO  - ,Received V2X Message from ,rsu_1, InterVehicleMsg{,29, 2455,  41.625495625845225,  -71.00871956237185, Road CLOSED, }, Latitude= 41.624839463669815, Longitude= -71.00674410685848,  (at simulation time 320.502,800,000 s)
2023-09-25 08:46:11,836 INFO  - ,Received V2X Message from ,rsu_1, InterVehicleMsg{,29, 2456,  41.625495625845225,  -71.00871956237185, Road CLOSED, }, Latitude= 41.624839463669815, Longitude= -71.00674410685848,  (at simulation time 320.601,800,000 s)
2023-09-25 08:46:11,836 INFO  - ,Received V2X Message from ,rsu_1, InterVehicleMsg{,29, 2457,  41.625495625845225,  -71.00871956237185, Road CLOSED, }, Latitude= 41.624839463669815, Longitude= -71.00674410685848,  (at simulation time 320.702,800,000 s)
2023-09-25 08:46:11,836 INFO  - ,Received V2X Message from ,rsu_1, InterVehicleMsg{,29, 2458,  41.625495625845225,  -71.00871956237185, Road CLOSED, }, Latitude= 41.624839463669815, Longitude= -71.00674410685848,  (at simulation time 320.802,800,000 s)
2023-09-25 08:46:11,837 INFO  - ,Received V2X Message from ,rsu_1, InterVehicleMsg{,29, 2459,  41.625495625845225,  -71.00871956237185, Road CLOSED, }, Latitude= 41.624839463669815, Longitude= -71.00674410685848,  (at simulation time 320.904,300,000 s)
2023-09-25 08:46:11,838 INFO  - ,Received V2X Message from ,rsu_1, InterVehicleMsg{,29, 2460,  41.625495625845225,  -71.00871956237185, Road CLOSED, }, Latitude= 41.62483864499613, Longitude= -71.00683944285514,  (at simulation time 321.002,800,000 s)
2023-09-25 08:46:11,838 INFO  - ,Received V2X Message from ,rsu_1, InterVehicleMsg{,29, 2461,  41.625495625845225,  -71.00871956237185, Road CLOSED, }, Latitude= 41.62483864499613, Longitude= -71.00683944285514,  (at simulation time 321.102,300,000 s)
2023-09-25 08:46:11,838 INFO  - ,Received V2X Message from ,rsu_1, InterVehicleMsg{,29, 2462,  41.625495625845225,  -71.00871956237185, Road CLOSED, }, Latitude= 41.62483864499613, Longitude= -71.00683944285514,  (at simulation time 321.203,300,000 s)
2023-09-25 08:46:11,838 INFO  - ,Received V2X Message from ,rsu_1, InterVehicleMsg{,29, 2463,  41.625495625845225,  -71.00871956237185, Road CLOSED, }, Latitude= 41.62483864499613, Longitude= -71.00683944285514,  (at simulation time 321.303,800,000 s)
2023-09-25 08:46:11,838 INFO  - ,Received V2X Message from ,rsu_1, InterVehicleMsg{,29, 2464,  41.625495625845225,  -71.00871956237185, Road CLOSED, }, Latitude= 41.62483864499613, Longitude= -71.00683944285514,  (at simulation time 321.401,800,000 s)
2023-09-25 08:46:11,838 INFO  - ,Received V2X Message from ,rsu_1, InterVehicleMsg{,29, 2465,  41.625495625845225,  -71.00871956237185, Road CLOSED, }, Latitude= 41.62483864499613, Longitude= -71.00683944285514,  (at simulation time 321.502,800,000 s)
2023-09-25 08:46:11,838 INFO  - ,Received V2X Message from ,rsu_1, InterVehicleMsg{,29, 2466,  41.625495625845225,  -71.00871956237185, Road CLOSED, }, Latitude= 41.62483864499613, Longitude= -71.00683944285514,  (at simulation time 321.603,800,000 s)
2023-09-25 08:46:11,838 INFO  - ,Received V2X Message from ,rsu_1, InterVehicleMsg{,29, 2467,  41.625495625845225,  -71.00871956237185, Road CLOSED, }, Latitude= 41.62483864499613, Longitude= -71.00683944285514,  (at simulation time 321.703,300,000 s)
2023-09-25 08:46:11,838 INFO  - ,Received V2X Message from ,rsu_1, InterVehicleMsg{,29, 2468,  41.625495625845225,  -71.00871956237185, Road CLOSED, }, Latitude= 41.62483864499613, Longitude= -71.00683944285514,  (at simulation time 321.803,800,000 s)
2023-09-25 08:46:11,839 INFO  - ,Received V2X Message from ,rsu_1, InterVehicleMsg{,29, 2469,  41.625495625845225,  -71.00871956237185, Road CLOSED, }, Latitude= 41.62483864499613, Longitude= -71.00683944285514,  (at simulation time 321.901,800,000 s)
2023-09-25 08:46:11,840 INFO  - ,Received V2X Message from ,rsu_1, InterVehicleMsg{,29, 2470,  41.625495625845225,  -71.00871956237185, Road CLOSED, }, Latitude= 41.62484164392072, Longitude= -71.00691416254521,  (at simulation time 322.001,300,000 s)
2023-09-25 08:46:11,840 INFO  - ,Received V2X Message from ,rsu_1, InterVehicleMsg{,29, 2471,  41.625495625845225,  -71.00871956237185, Road CLOSED, }, Latitude= 41.62484164392072, Longitude= -71.00691416254521,  (at simulation time 322.104,800,000 s)
2023-09-25 08:46:11,840 INFO  - ,Received V2X Message from ,rsu_1, InterVehicleMsg{,29, 2472,  41.625495625845225,  -71.00871956237185, Road CLOSED, }, Latitude= 41.62484164392072, Longitude= -71.00691416254521,  (at simulation time 322.204,800,000 s)
2023-09-25 08:46:11,840 INFO  - ,Received V2X Message from ,rsu_1, InterVehicleMsg{,29, 2473,  41.625495625845225,  -71.00871956237185, Road CLOSED, }, Latitude= 41.62484164392072, Longitude= -71.00691416254521,  (at simulation time 322.302,800,000 s)
2023-09-25 08:46:11,840 INFO  - ,Received V2X Message from ,rsu_1, InterVehicleMsg{,29, 2474,  41.625495625845225,  -71.00871956237185, Road CLOSED, }, Latitude= 41.62484164392072, Longitude= -71.00691416254521,  (at simulation time 322.402,300,000 s)
2023-09-25 08:46:11,840 INFO  - ,Received V2X Message from ,rsu_1, InterVehicleMsg{,29, 2475,  41.625495625845225,  -71.00871956237185, Road CLOSED, }, Latitude= 41.62484164392072, Longitude= -71.00691416254521,  (at simulation time 322.500,800,000 s)
2023-09-25 08:46:11,840 INFO  - ,Received V2X Message from ,rsu_1, InterVehicleMsg{,29, 2476,  41.625495625845225,  -71.00871956237185, Road CLOSED, }, Latitude= 41.62484164392072, Longitude= -71.00691416254521,  (at simulation time 322.602,800,000 s)
2023-09-25 08:46:11,841 INFO  - ,Received V2X Message from ,rsu_1, InterVehicleMsg{,29, 2477,  41.625495625845225,  -71.00871956237185, Road CLOSED, }, Latitude= 41.62484164392072, Longitude= -71.00691416254521,  (at simulation time 322.702,800,000 s)
2023-09-25 08:46:11,841 INFO  - ,Received V2X Message from ,rsu_1, InterVehicleMsg{,29, 2478,  41.625495625845225,  -71.00871956237185, Road CLOSED, }, Latitude= 41.62484164392072, Longitude= -71.00691416254521,  (at simulation time 322.801,800,000 s)
2023-09-25 08:46:11,841 INFO  - ,Received V2X Message from ,rsu_1, InterVehicleMsg{,29, 2479,  41.625495625845225,  -71.00871956237185, Road CLOSED, }, Latitude= 41.62484164392072, Longitude= -71.00691416254521,  (at simulation time 322.904,300,000 s)
2023-09-25 08:46:11,842 INFO  - ,Received V2X Message from ,rsu_1, InterVehicleMsg{,29, 2480,  41.625495625845225,  -71.00871956237185, Road CLOSED, }, Latitude= 41.62484717035763, Longitude= -71.00698466250756,  (at simulation time 323.003,800,000 s)
2023-09-25 08:46:11,842 INFO  - ,Received V2X Message from ,rsu_1, InterVehicleMsg{,29, 2481,  41.625495625845225,  -71.00871956237185, Road CLOSED, }, Latitude= 41.62484717035763, Longitude= -71.00698466250756,  (at simulation time 323.102,300,000 s)
2023-09-25 08:46:11,842 INFO  - ,Received V2X Message from ,rsu_1, InterVehicleMsg{,29, 2482,  41.625495625845225,  -71.00871956237185, Road CLOSED, }, Latitude= 41.62484717035763, Longitude= -71.00698466250756,  (at simulation time 323.203,800,000 s)
2023-09-25 08:46:11,842 INFO  - ,Received V2X Message from ,rsu_1, InterVehicleMsg{,29, 2483,  41.625495625845225,  -71.00871956237185, Road CLOSED, }, Latitude= 41.62484717035763, Longitude= -71.00698466250756,  (at simulation time 323.304,300,000 s)
2023-09-25 08:46:11,842 INFO  - ,Received V2X Message from ,rsu_1, InterVehicleMsg{,29, 2484,  41.625495625845225,  -71.00871956237185, Road CLOSED, }, Latitude= 41.62484717035763, Longitude= -71.00698466250756,  (at simulation time 323.402,300,000 s)
2023-09-25 08:46:11,842 INFO  - ,Received V2X Message from ,rsu_1, InterVehicleMsg{,29, 2485,  41.625495625845225,  -71.00871956237185, Road CLOSED, }, Latitude= 41.62484717035763, Longitude= -71.00698466250756,  (at simulation time 323.501,800,000 s)
2023-09-25 08:46:11,843 INFO  - ,Received V2X Message from ,rsu_1, InterVehicleMsg{,29, 2486,  41.625495625845225,  -71.00871956237185, Road CLOSED, }, Latitude= 41.62484717035763, Longitude= -71.00698466250756,  (at simulation time 323.603,800,000 s)
2023-09-25 08:46:11,843 INFO  - ,Received V2X Message from ,rsu_1, InterVehicleMsg{,29, 2487,  41.625495625845225,  -71.00871956237185, Road CLOSED, }, Latitude= 41.62484717035763, Longitude= -71.00698466250756,  (at simulation time 323.701,300,000 s)
2023-09-25 08:46:11,843 INFO  - ,Received V2X Message from ,rsu_1, InterVehicleMsg{,29, 2488,  41.625495625845225,  -71.00871956237185, Road CLOSED, }, Latitude= 41.62484717035763, Longitude= -71.00698466250756,  (at simulation time 323.803,800,000 s)
2023-09-25 08:46:11,843 INFO  - ,Received V2X Message from ,rsu_1, InterVehicleMsg{,29, 2489,  41.625495625845225,  -71.00871956237185, Road CLOSED, }, Latitude= 41.62484717035763, Longitude= -71.00698466250756,  (at simulation time 323.902,800,000 s)
2023-09-25 08:46:11,844 INFO  - ,Received V2X Message from ,rsu_1, InterVehicleMsg{,29, 2490,  41.625495625845225,  -71.00871956237185, Road CLOSED, }, Latitude= 41.62485552964078, Longitude= -71.00706390647528,  (at simulation time 324.002,300,000 s)
2023-09-25 08:46:11,844 INFO  - ,Received V2X Message from ,rsu_1, InterVehicleMsg{,29, 2491,  41.625495625845225,  -71.00871956237185, Road CLOSED, }, Latitude= 41.62485552964078, Longitude= -71.00706390647528,  (at simulation time 324.101,300,000 s)
2023-09-25 08:46:11,844 INFO  - ,Received V2X Message from ,rsu_1, InterVehicleMsg{,29, 2492,  41.625495625845225,  -71.00871956237185, Road CLOSED, }, Latitude= 41.62485552964078, Longitude= -71.00706390647528,  (at simulation time 324.203,300,000 s)
2023-09-25 08:46:11,844 INFO  - ,Received V2X Message from ,rsu_1, InterVehicleMsg{,29, 2493,  41.625495625845225,  -71.00871956237185, Road CLOSED, }, Latitude= 41.62485552964078, Longitude= -71.00706390647528,  (at simulation time 324.303,800,000 s)
2023-09-25 08:46:11,845 INFO  - ,Received V2X Message from ,rsu_1, InterVehicleMsg{,29, 2494,  41.625495625845225,  -71.00871956237185, Road CLOSED, }, Latitude= 41.62485552964078, Longitude= -71.00706390647528,  (at simulation time 324.402,300,000 s)
2023-09-25 08:46:11,845 INFO  - ,Received V2X Message from ,rsu_1, InterVehicleMsg{,29, 2495,  41.625495625845225,  -71.00871956237185, Road CLOSED, }, Latitude= 41.62485552964078, Longitude= -71.00706390647528,  (at simulation time 324.502,800,000 s)
2023-09-25 08:46:11,845 INFO  - ,Received V2X Message from ,rsu_1, InterVehicleMsg{,29, 2496,  41.625495625845225,  -71.00871956237185, Road CLOSED, }, Latitude= 41.62485552964078, Longitude= -71.00706390647528,  (at simulation time 324.601,300,000 s)
2023-09-25 08:46:11,845 INFO  - ,Received V2X Message from ,rsu_1, InterVehicleMsg{,29, 2497,  41.625495625845225,  -71.00871956237185, Road CLOSED, }, Latitude= 41.62485552964078, Longitude= -71.00706390647528,  (at simulation time 324.701,800,000 s)
2023-09-25 08:46:11,845 INFO  - ,Received V2X Message from ,rsu_1, InterVehicleMsg{,29, 2498,  41.625495625845225,  -71.00871956237185, Road CLOSED, }, Latitude= 41.62485552964078, Longitude= -71.00706390647528,  (at simulation time 324.802,800,000 s)
2023-09-25 08:46:11,845 INFO  - ,Received V2X Message from ,rsu_1, InterVehicleMsg{,29, 2499,  41.625495625845225,  -71.00871956237185, Road CLOSED, }, Latitude= 41.62485552964078, Longitude= -71.00706390647528,  (at simulation time 324.903,300,000 s)
2023-09-25 08:46:11,846 INFO  - ,Received V2X Message from ,rsu_1, InterVehicleMsg{,29, 2500,  41.625495625845225,  -71.00871956237185, Road CLOSED, }, Latitude= 41.62486861187014, Longitude= -71.0071524324729,  (at simulation time 325.004,300,000 s)
2023-09-25 08:46:11,846 INFO  - ,Received V2X Message from ,rsu_1, InterVehicleMsg{,29, 2501,  41.625495625845225,  -71.00871956237185, Road CLOSED, }, Latitude= 41.62486861187014, Longitude= -71.0071524324729,  (at simulation time 325.104,800,000 s)
2023-09-25 08:46:11,846 INFO  - ,Received V2X Message from ,rsu_1, InterVehicleMsg{,29, 2502,  41.625495625845225,  -71.00871956237185, Road CLOSED, }, Latitude= 41.62486861187014, Longitude= -71.0071524324729,  (at simulation time 325.201,800,000 s)
2023-09-25 08:46:11,847 INFO  - ,Received V2X Message from ,rsu_1, InterVehicleMsg{,29, 2503,  41.625495625845225,  -71.00871956237185, Road CLOSED, }, Latitude= 41.62486861187014, Longitude= -71.0071524324729,  (at simulation time 325.303,800,000 s)
2023-09-25 08:46:11,847 INFO  - ,Received V2X Message from ,rsu_1, InterVehicleMsg{,29, 2504,  41.625495625845225,  -71.00871956237185, Road CLOSED, }, Latitude= 41.62486861187014, Longitude= -71.0071524324729,  (at simulation time 325.402,800,000 s)
2023-09-25 08:46:11,847 INFO  - ,Received V2X Message from ,rsu_1, InterVehicleMsg{,29, 2505,  41.625495625845225,  -71.00871956237185, Road CLOSED, }, Latitude= 41.62486861187014, Longitude= -71.0071524324729,  (at simulation time 325.503,800,000 s)
2023-09-25 08:46:11,847 INFO  - ,Received V2X Message from ,rsu_1, InterVehicleMsg{,29, 2506,  41.625495625845225,  -71.00871956237185, Road CLOSED, }, Latitude= 41.62486861187014, Longitude= -71.0071524324729,  (at simulation time 325.600,800,000 s)
2023-09-25 08:46:11,847 INFO  - ,Received V2X Message from ,rsu_1, InterVehicleMsg{,29, 2507,  41.625495625845225,  -71.00871956237185, Road CLOSED, }, Latitude= 41.62486861187014, Longitude= -71.0071524324729,  (at simulation time 325.702,800,000 s)
2023-09-25 08:46:11,847 INFO  - ,Received V2X Message from ,rsu_1, InterVehicleMsg{,29, 2508,  41.625495625845225,  -71.00871956237185, Road CLOSED, }, Latitude= 41.62486861187014, Longitude= -71.0071524324729,  (at simulation time 325.804,800,000 s)
2023-09-25 08:46:11,847 INFO  - ,Received V2X Message from ,rsu_1, InterVehicleMsg{,29, 2509,  41.625495625845225,  -71.00871956237185, Road CLOSED, }, Latitude= 41.62486861187014, Longitude= -71.0071524324729,  (at simulation time 325.902,300,000 s)
2023-09-25 08:46:11,848 INFO  - ,Received V2X Message from ,rsu_1, InterVehicleMsg{,29, 2510,  41.625495625845225,  -71.00871956237185, Road CLOSED, }, Latitude= 41.62488278558054, Longitude= -71.00723586464808,  (at simulation time 326.004,300,000 s)
2023-09-25 08:46:11,848 INFO  - ,Received V2X Message from ,rsu_1, InterVehicleMsg{,29, 2511,  41.625495625845225,  -71.00871956237185, Road CLOSED, }, Latitude= 41.62488278558054, Longitude= -71.00723586464808,  (at simulation time 326.103,800,000 s)
2023-09-25 08:46:11,848 INFO  - ,Received V2X Message from ,rsu_1, InterVehicleMsg{,29, 2512,  41.625495625845225,  -71.00871956237185, Road CLOSED, }, Latitude= 41.62488278558054, Longitude= -71.00723586464808,  (at simulation time 326.202,300,000 s)
2023-09-25 08:46:11,849 INFO  - ,Received V2X Message from ,rsu_1, InterVehicleMsg{,29, 2513,  41.625495625845225,  -71.00871956237185, Road CLOSED, }, Latitude= 41.62488278558054, Longitude= -71.00723586464808,  (at simulation time 326.302,800,000 s)
2023-09-25 08:46:11,849 INFO  - ,Received V2X Message from ,rsu_1, InterVehicleMsg{,29, 2514,  41.625495625845225,  -71.00871956237185, Road CLOSED, }, Latitude= 41.62488278558054, Longitude= -71.00723586464808,  (at simulation time 326.403,800,000 s)
2023-09-25 08:46:11,849 INFO  - ,Received V2X Message from ,rsu_1, InterVehicleMsg{,29, 2515,  41.625495625845225,  -71.00871956237185, Road CLOSED, }, Latitude= 41.62488278558054, Longitude= -71.00723586464808,  (at simulation time 326.502,300,000 s)
2023-09-25 08:46:11,849 INFO  - ,Received V2X Message from ,rsu_1, InterVehicleMsg{,29, 2516,  41.625495625845225,  -71.00871956237185, Road CLOSED, }, Latitude= 41.62488278558054, Longitude= -71.00723586464808,  (at simulation time 326.601,800,000 s)
2023-09-25 08:46:11,849 INFO  - ,Received V2X Message from ,rsu_1, InterVehicleMsg{,29, 2517,  41.625495625845225,  -71.00871956237185, Road CLOSED, }, Latitude= 41.62488278558054, Longitude= -71.00723586464808,  (at simulation time 326.703,300,000 s)
2023-09-25 08:46:11,850 INFO  - ,Received V2X Message from ,rsu_1, InterVehicleMsg{,29, 2518,  41.625495625845225,  -71.00871956237185, Road CLOSED, }, Latitude= 41.62488278558054, Longitude= -71.00723586464808,  (at simulation time 326.803,800,000 s)
2023-09-25 08:46:11,850 INFO  - ,Received V2X Message from ,rsu_1, InterVehicleMsg{,29, 2519,  41.625495625845225,  -71.00871956237185, Road CLOSED, }, Latitude= 41.62488278558054, Longitude= -71.00723586464808,  (at simulation time 326.903,300,000 s)
2023-09-25 08:46:11,851 INFO  - ,Received V2X Message from ,rsu_1, InterVehicleMsg{,29, 2520,  41.625495625845225,  -71.00871956237185, Road CLOSED, }, Latitude= 41.62490099910353, Longitude= -71.00731434518156,  (at simulation time 327.002,800,000 s)
2023-09-25 08:46:11,851 INFO  - ,Received V2X Message from ,rsu_1, InterVehicleMsg{,29, 2521,  41.625495625845225,  -71.00871956237185, Road CLOSED, }, Latitude= 41.62490099910353, Longitude= -71.00731434518156,  (at simulation time 327.102,800,000 s)
2023-09-25 08:46:11,851 INFO  - ,Received V2X Message from ,rsu_1, InterVehicleMsg{,29, 2522,  41.625495625845225,  -71.00871956237185, Road CLOSED, }, Latitude= 41.62490099910353, Longitude= -71.00731434518156,  (at simulation time 327.203,800,000 s)
2023-09-25 08:46:11,851 INFO  - ,Received V2X Message from ,rsu_1, InterVehicleMsg{,29, 2523,  41.625495625845225,  -71.00871956237185, Road CLOSED, }, Latitude= 41.62490099910353, Longitude= -71.00731434518156,  (at simulation time 327.302,800,000 s)
2023-09-25 08:46:11,851 INFO  - ,Received V2X Message from ,rsu_1, InterVehicleMsg{,29, 2524,  41.625495625845225,  -71.00871956237185, Road CLOSED, }, Latitude= 41.62490099910353, Longitude= -71.00731434518156,  (at simulation time 327.403,800,000 s)
2023-09-25 08:46:11,851 INFO  - ,Received V2X Message from ,rsu_1, InterVehicleMsg{,29, 2525,  41.625495625845225,  -71.00871956237185, Road CLOSED, }, Latitude= 41.62490099910353, Longitude= -71.00731434518156,  (at simulation time 327.502,300,000 s)
2023-09-25 08:46:11,851 INFO  - ,Received V2X Message from ,rsu_1, InterVehicleMsg{,29, 2526,  41.625495625845225,  -71.00871956237185, Road CLOSED, }, Latitude= 41.62490099910353, Longitude= -71.00731434518156,  (at simulation time 327.604,300,000 s)
2023-09-25 08:46:11,851 INFO  - ,Received V2X Message from ,rsu_1, InterVehicleMsg{,29, 2527,  41.625495625845225,  -71.00871956237185, Road CLOSED, }, Latitude= 41.62490099910353, Longitude= -71.00731434518156,  (at simulation time 327.701,300,000 s)
2023-09-25 08:46:11,852 INFO  - ,Received V2X Message from ,rsu_1, InterVehicleMsg{,29, 2528,  41.625495625845225,  -71.00871956237185, Road CLOSED, }, Latitude= 41.62490099910353, Longitude= -71.00731434518156,  (at simulation time 327.802,800,000 s)
2023-09-25 08:46:11,852 INFO  - ,Received V2X Message from ,rsu_1, InterVehicleMsg{,29, 2529,  41.625495625845225,  -71.00871956237185, Road CLOSED, }, Latitude= 41.62490099910353, Longitude= -71.00731434518156,  (at simulation time 327.901,300,000 s)
2023-09-25 08:46:11,853 INFO  - ,Received V2X Message from ,rsu_1, InterVehicleMsg{,29, 2530,  41.625495625845225,  -71.00871956237185, Road CLOSED, }, Latitude= 41.624923692814214, Longitude= -71.00739993673469,  (at simulation time 328.004,800,000 s)
2023-09-25 08:46:11,853 INFO  - ,Received V2X Message from ,rsu_1, InterVehicleMsg{,29, 2531,  41.625495625845225,  -71.00871956237185, Road CLOSED, }, Latitude= 41.624923692814214, Longitude= -71.00739993673469,  (at simulation time 328.104,300,000 s)
2023-09-25 08:46:11,853 INFO  - ,Received V2X Message from ,rsu_1, InterVehicleMsg{,29, 2532,  41.625495625845225,  -71.00871956237185, Road CLOSED, }, Latitude= 41.624923692814214, Longitude= -71.00739993673469,  (at simulation time 328.203,800,000 s)
2023-09-25 08:46:11,854 INFO  - ,Received V2X Message from ,rsu_1, InterVehicleMsg{,29, 2533,  41.625495625845225,  -71.00871956237185, Road CLOSED, }, Latitude= 41.624923692814214, Longitude= -71.00739993673469,  (at simulation time 328.303,800,000 s)
2023-09-25 08:46:11,854 INFO  - ,Received V2X Message from ,rsu_1, InterVehicleMsg{,29, 2534,  41.625495625845225,  -71.00871956237185, Road CLOSED, }, Latitude= 41.624923692814214, Longitude= -71.00739993673469,  (at simulation time 328.403,800,000 s)
2023-09-25 08:46:11,854 INFO  - ,Received V2X Message from ,rsu_1, InterVehicleMsg{,29, 2535,  41.625495625845225,  -71.00871956237185, Road CLOSED, }, Latitude= 41.624923692814214, Longitude= -71.00739993673469,  (at simulation time 328.501,800,000 s)
2023-09-25 08:46:11,854 INFO  - ,Received V2X Message from ,rsu_1, InterVehicleMsg{,29, 2536,  41.625495625845225,  -71.00871956237185, Road CLOSED, }, Latitude= 41.624923692814214, Longitude= -71.00739993673469,  (at simulation time 328.602,800,000 s)
2023-09-25 08:46:11,854 INFO  - ,Received V2X Message from ,rsu_1, InterVehicleMsg{,29, 2537,  41.625495625845225,  -71.00871956237185, Road CLOSED, }, Latitude= 41.624923692814214, Longitude= -71.00739993673469,  (at simulation time 328.703,300,000 s)
2023-09-25 08:46:11,854 INFO  - ,Received V2X Message from ,rsu_1, InterVehicleMsg{,29, 2538,  41.625495625845225,  -71.00871956237185, Road CLOSED, }, Latitude= 41.624923692814214, Longitude= -71.00739993673469,  (at simulation time 328.802,300,000 s)
2023-09-25 08:46:11,854 INFO  - ,Received V2X Message from ,rsu_1, InterVehicleMsg{,29, 2539,  41.625495625845225,  -71.00871956237185, Road CLOSED, }, Latitude= 41.624923692814214, Longitude= -71.00739993673469,  (at simulation time 328.903,800,000 s)
2023-09-25 08:46:11,855 INFO  - ,Received V2X Message from ,rsu_1, InterVehicleMsg{,29, 2540,  41.625495625845225,  -71.00871956237185, Road CLOSED, }, Latitude= 41.62494539991486, Longitude= -71.00747281850045,  (at simulation time 329.001,300,000 s)
2023-09-25 08:46:11,855 INFO  - ,Received V2X Message from ,rsu_1, InterVehicleMsg{,29, 2541,  41.625495625845225,  -71.00871956237185, Road CLOSED, }, Latitude= 41.62494539991486, Longitude= -71.00747281850045,  (at simulation time 329.102,800,000 s)
2023-09-25 08:46:11,855 INFO  - ,Received V2X Message from ,rsu_1, InterVehicleMsg{,29, 2542,  41.625495625845225,  -71.00871956237185, Road CLOSED, }, Latitude= 41.62494539991486, Longitude= -71.00747281850045,  (at simulation time 329.202,300,000 s)
2023-09-25 08:46:11,855 INFO  - ,Received V2X Message from ,rsu_1, InterVehicleMsg{,29, 2543,  41.625495625845225,  -71.00871956237185, Road CLOSED, }, Latitude= 41.62494539991486, Longitude= -71.00747281850045,  (at simulation time 329.302,300,000 s)
2023-09-25 08:46:11,856 INFO  - ,Received V2X Message from ,rsu_1, InterVehicleMsg{,29, 2544,  41.625495625845225,  -71.00871956237185, Road CLOSED, }, Latitude= 41.62494539991486, Longitude= -71.00747281850045,  (at simulation time 329.403,300,000 s)
2023-09-25 08:46:11,856 INFO  - ,Received V2X Message from ,rsu_1, InterVehicleMsg{,29, 2545,  41.625495625845225,  -71.00871956237185, Road CLOSED, }, Latitude= 41.62494539991486, Longitude= -71.00747281850045,  (at simulation time 329.503,300,000 s)
2023-09-25 08:46:11,856 INFO  - ,Received V2X Message from ,rsu_1, InterVehicleMsg{,29, 2546,  41.625495625845225,  -71.00871956237185, Road CLOSED, }, Latitude= 41.62494539991486, Longitude= -71.00747281850045,  (at simulation time 329.603,800,000 s)
2023-09-25 08:46:11,856 INFO  - ,Received V2X Message from ,rsu_1, InterVehicleMsg{,29, 2547,  41.625495625845225,  -71.00871956237185, Road CLOSED, }, Latitude= 41.62494539991486, Longitude= -71.00747281850045,  (at simulation time 329.701,800,000 s)
2023-09-25 08:46:11,856 INFO  - ,Received V2X Message from ,rsu_1, InterVehicleMsg{,29, 2548,  41.625495625845225,  -71.00871956237185, Road CLOSED, }, Latitude= 41.62494539991486, Longitude= -71.00747281850045,  (at simulation time 329.802,800,000 s)
2023-09-25 08:46:11,856 INFO  - ,Received V2X Message from ,rsu_1, InterVehicleMsg{,29, 2549,  41.625495625845225,  -71.00871956237185, Road CLOSED, }, Latitude= 41.62494539991486, Longitude= -71.00747281850045,  (at simulation time 329.902,300,000 s)
2023-09-25 08:46:11,857 INFO  - ,Received V2X Message from ,rsu_1, InterVehicleMsg{,29, 2550,  41.625495625845225,  -71.00871956237185, Road CLOSED, }, Latitude= 41.62496638905419, Longitude= -71.00753962442492,  (at simulation time 330.002,800,000 s)
2023-09-25 08:46:11,857 INFO  - ,Received V2X Message from ,rsu_1, InterVehicleMsg{,29, 2551,  41.625495625845225,  -71.00871956237185, Road CLOSED, }, Latitude= 41.62496638905419, Longitude= -71.00753962442492,  (at simulation time 330.102,300,000 s)
2023-09-25 08:46:11,857 INFO  - ,Received V2X Message from ,rsu_1, InterVehicleMsg{,29, 2552,  41.625495625845225,  -71.00871956237185, Road CLOSED, }, Latitude= 41.62496638905419, Longitude= -71.00753962442492,  (at simulation time 330.201,300,000 s)
2023-09-25 08:46:11,858 INFO  - ,Received V2X Message from ,rsu_1, InterVehicleMsg{,29, 2553,  41.625495625845225,  -71.00871956237185, Road CLOSED, }, Latitude= 41.62496638905419, Longitude= -71.00753962442492,  (at simulation time 330.301,300,000 s)
2023-09-25 08:46:11,858 INFO  - ,Received V2X Message from ,rsu_1, InterVehicleMsg{,29, 2554,  41.625495625845225,  -71.00871956237185, Road CLOSED, }, Latitude= 41.62496638905419, Longitude= -71.00753962442492,  (at simulation time 330.404,300,000 s)
2023-09-25 08:46:11,858 INFO  - ,Received V2X Message from ,rsu_1, InterVehicleMsg{,29, 2555,  41.625495625845225,  -71.00871956237185, Road CLOSED, }, Latitude= 41.62496638905419, Longitude= -71.00753962442492,  (at simulation time 330.503,300,000 s)
2023-09-25 08:46:11,858 INFO  - ,Received V2X Message from ,rsu_1, InterVehicleMsg{,29, 2556,  41.625495625845225,  -71.00871956237185, Road CLOSED, }, Latitude= 41.62496638905419, Longitude= -71.00753962442492,  (at simulation time 330.603,800,000 s)
2023-09-25 08:46:11,858 INFO  - ,Received V2X Message from ,rsu_1, InterVehicleMsg{,29, 2557,  41.625495625845225,  -71.00871956237185, Road CLOSED, }, Latitude= 41.62496638905419, Longitude= -71.00753962442492,  (at simulation time 330.701,800,000 s)
2023-09-25 08:46:11,858 INFO  - ,Received V2X Message from ,rsu_1, InterVehicleMsg{,29, 2558,  41.625495625845225,  -71.00871956237185, Road CLOSED, }, Latitude= 41.62496638905419, Longitude= -71.00753962442492,  (at simulation time 330.803,300,000 s)
2023-09-25 08:46:11,858 INFO  - ,Received V2X Message from ,rsu_1, InterVehicleMsg{,29, 2559,  41.625495625845225,  -71.00871956237185, Road CLOSED, }, Latitude= 41.62496638905419, Longitude= -71.00753962442492,  (at simulation time 330.901,800,000 s)
2023-09-25 08:46:11,859 INFO  - ,Received V2X Message from ,rsu_1, InterVehicleMsg{,29, 2560,  41.625495625845225,  -71.00871956237185, Road CLOSED, }, Latitude= 41.62499284580053, Longitude= -71.0076079665516,  (at simulation time 331.002,800,000 s)
2023-09-25 08:46:11,859 INFO  - ,Received V2X Message from ,rsu_1, InterVehicleMsg{,29, 2561,  41.625495625845225,  -71.00871956237185, Road CLOSED, }, Latitude= 41.62499284580053, Longitude= -71.0076079665516,  (at simulation time 331.101,800,000 s)
2023-09-25 08:46:11,859 INFO  - ,Received V2X Message from ,rsu_1, InterVehicleMsg{,29, 2562,  41.625495625845225,  -71.00871956237185, Road CLOSED, }, Latitude= 41.62499284580053, Longitude= -71.0076079665516,  (at simulation time 331.204,300,000 s)
2023-09-25 08:46:11,859 INFO  - ,Received V2X Message from ,rsu_1, InterVehicleMsg{,29, 2563,  41.625495625845225,  -71.00871956237185, Road CLOSED, }, Latitude= 41.62499284580053, Longitude= -71.0076079665516,  (at simulation time 331.302,800,000 s)
2023-09-25 08:46:11,859 INFO  - ,Received V2X Message from ,rsu_1, InterVehicleMsg{,29, 2564,  41.625495625845225,  -71.00871956237185, Road CLOSED, }, Latitude= 41.62499284580053, Longitude= -71.0076079665516,  (at simulation time 331.404,800,000 s)
2023-09-25 08:46:11,860 INFO  - ,Received V2X Message from ,rsu_1, InterVehicleMsg{,29, 2565,  41.625495625845225,  -71.00871956237185, Road CLOSED, }, Latitude= 41.62499284580053, Longitude= -71.0076079665516,  (at simulation time 331.503,800,000 s)
2023-09-25 08:46:11,860 INFO  - ,Received V2X Message from ,rsu_1, InterVehicleMsg{,29, 2566,  41.625495625845225,  -71.00871956237185, Road CLOSED, }, Latitude= 41.62499284580053, Longitude= -71.0076079665516,  (at simulation time 331.602,800,000 s)
2023-09-25 08:46:11,860 INFO  - ,Received V2X Message from ,rsu_1, InterVehicleMsg{,29, 2567,  41.625495625845225,  -71.00871956237185, Road CLOSED, }, Latitude= 41.62499284580053, Longitude= -71.0076079665516,  (at simulation time 331.703,300,000 s)
2023-09-25 08:46:11,860 INFO  - ,Received V2X Message from ,rsu_1, InterVehicleMsg{,29, 2568,  41.625495625845225,  -71.00871956237185, Road CLOSED, }, Latitude= 41.62499284580053, Longitude= -71.0076079665516,  (at simulation time 331.801,800,000 s)
2023-09-25 08:46:11,860 INFO  - ,Received V2X Message from ,rsu_1, InterVehicleMsg{,29, 2569,  41.625495625845225,  -71.00871956237185, Road CLOSED, }, Latitude= 41.62499284580053, Longitude= -71.0076079665516,  (at simulation time 331.904,300,000 s)
2023-09-25 08:46:11,861 INFO  - ,Received V2X Message from ,rsu_1, InterVehicleMsg{,29, 2570,  41.625495625845225,  -71.00871956237185, Road CLOSED, }, Latitude= 41.625026315097735, Longitude= -71.00768894812846,  (at simulation time 332.003,300,000 s)
2023-09-25 08:46:11,861 INFO  - ,Received V2X Message from ,rsu_1, InterVehicleMsg{,29, 2571,  41.625495625845225,  -71.00871956237185, Road CLOSED, }, Latitude= 41.625026315097735, Longitude= -71.00768894812846,  (at simulation time 332.103,800,000 s)
2023-09-25 08:46:11,861 INFO  - ,Received V2X Message from ,rsu_1, InterVehicleMsg{,29, 2572,  41.625495625845225,  -71.00871956237185, Road CLOSED, }, Latitude= 41.625026315097735, Longitude= -71.00768894812846,  (at simulation time 332.204,800,000 s)
2023-09-25 08:46:11,861 INFO  - ,Received V2X Message from ,rsu_1, InterVehicleMsg{,29, 2573,  41.625495625845225,  -71.00871956237185, Road CLOSED, }, Latitude= 41.625026315097735, Longitude= -71.00768894812846,  (at simulation time 332.302,800,000 s)
2023-09-25 08:46:11,861 INFO  - ,Received V2X Message from ,rsu_1, InterVehicleMsg{,29, 2574,  41.625495625845225,  -71.00871956237185, Road CLOSED, }, Latitude= 41.625026315097735, Longitude= -71.00768894812846,  (at simulation time 332.402,800,000 s)
2023-09-25 08:46:11,861 INFO  - ,Received V2X Message from ,rsu_1, InterVehicleMsg{,29, 2575,  41.625495625845225,  -71.00871956237185, Road CLOSED, }, Latitude= 41.625026315097735, Longitude= -71.00768894812846,  (at simulation time 332.504,300,000 s)
2023-09-25 08:46:11,861 INFO  - ,Received V2X Message from ,rsu_1, InterVehicleMsg{,29, 2576,  41.625495625845225,  -71.00871956237185, Road CLOSED, }, Latitude= 41.625026315097735, Longitude= -71.00768894812846,  (at simulation time 332.602,300,000 s)
2023-09-25 08:46:11,862 INFO  - ,Received V2X Message from ,rsu_1, InterVehicleMsg{,29, 2577,  41.625495625845225,  -71.00871956237185, Road CLOSED, }, Latitude= 41.625026315097735, Longitude= -71.00768894812846,  (at simulation time 332.704,300,000 s)
2023-09-25 08:46:11,862 INFO  - ,Received V2X Message from ,rsu_1, InterVehicleMsg{,29, 2578,  41.625495625845225,  -71.00871956237185, Road CLOSED, }, Latitude= 41.625026315097735, Longitude= -71.00768894812846,  (at simulation time 332.802,300,000 s)
2023-09-25 08:46:11,862 INFO  - ,Received V2X Message from ,rsu_1, InterVehicleMsg{,29, 2579,  41.625495625845225,  -71.00871956237185, Road CLOSED, }, Latitude= 41.625026315097735, Longitude= -71.00768894812846,  (at simulation time 332.900,800,000 s)
2023-09-25 08:46:11,862 INFO  - ,Received V2X Message from ,rsu_1, InterVehicleMsg{,29, 2580,  41.625495625845225,  -71.00871956237185, Road CLOSED, }, Latitude= 41.62505795750782, Longitude= -71.00775590717065,  (at simulation time 333.003,800,000 s)
2023-09-25 08:46:11,863 INFO  - ,Received V2X Message from ,rsu_1, InterVehicleMsg{,29, 2581,  41.625495625845225,  -71.00871956237185, Road CLOSED, }, Latitude= 41.62505795750782, Longitude= -71.00775590717065,  (at simulation time 333.103,800,000 s)
2023-09-25 08:46:11,863 INFO  - ,Received V2X Message from ,rsu_1, InterVehicleMsg{,29, 2582,  41.625495625845225,  -71.00871956237185, Road CLOSED, }, Latitude= 41.62505795750782, Longitude= -71.00775590717065,  (at simulation time 333.202,800,000 s)
2023-09-25 08:46:11,863 INFO  - ,Received V2X Message from ,rsu_1, InterVehicleMsg{,29, 2583,  41.625495625845225,  -71.00871956237185, Road CLOSED, }, Latitude= 41.62505795750782, Longitude= -71.00775590717065,  (at simulation time 333.303,300,000 s)
2023-09-25 08:46:11,863 INFO  - ,Received V2X Message from ,rsu_1, InterVehicleMsg{,29, 2584,  41.625495625845225,  -71.00871956237185, Road CLOSED, }, Latitude= 41.62505795750782, Longitude= -71.00775590717065,  (at simulation time 333.402,300,000 s)
2023-09-25 08:46:11,863 INFO  - ,Received V2X Message from ,rsu_1, InterVehicleMsg{,29, 2585,  41.625495625845225,  -71.00871956237185, Road CLOSED, }, Latitude= 41.62505795750782, Longitude= -71.00775590717065,  (at simulation time 333.503,300,000 s)
2023-09-25 08:46:11,863 INFO  - ,Received V2X Message from ,rsu_1, InterVehicleMsg{,29, 2586,  41.625495625845225,  -71.00871956237185, Road CLOSED, }, Latitude= 41.62505795750782, Longitude= -71.00775590717065,  (at simulation time 333.602,300,000 s)
2023-09-25 08:46:11,863 INFO  - ,Received V2X Message from ,rsu_1, InterVehicleMsg{,29, 2587,  41.625495625845225,  -71.00871956237185, Road CLOSED, }, Latitude= 41.62505795750782, Longitude= -71.00775590717065,  (at simulation time 333.701,300,000 s)
2023-09-25 08:46:11,863 INFO  - ,Received V2X Message from ,rsu_1, InterVehicleMsg{,29, 2588,  41.625495625845225,  -71.00871956237185, Road CLOSED, }, Latitude= 41.62505795750782, Longitude= -71.00775590717065,  (at simulation time 333.803,300,000 s)
2023-09-25 08:46:11,863 INFO  - ,Received V2X Message from ,rsu_1, InterVehicleMsg{,29, 2589,  41.625495625845225,  -71.00871956237185, Road CLOSED, }, Latitude= 41.62505795750782, Longitude= -71.00775590717065,  (at simulation time 333.901,800,000 s)
2023-09-25 08:46:11,864 INFO  - ,Received V2X Message from ,rsu_1, InterVehicleMsg{,29, 2590,  41.625495625845225,  -71.00871956237185, Road CLOSED, }, Latitude= 41.625097563993904, Longitude= -71.00783207350887,  (at simulation time 334.004,300,000 s)
2023-09-25 08:46:11,864 INFO  - ,Received V2X Message from ,rsu_1, InterVehicleMsg{,29, 2591,  41.625495625845225,  -71.00871956237185, Road CLOSED, }, Latitude= 41.625097563993904, Longitude= -71.00783207350887,  (at simulation time 334.102,800,000 s)
2023-09-25 08:46:11,864 INFO  - ,Received V2X Message from ,rsu_1, InterVehicleMsg{,29, 2592,  41.625495625845225,  -71.00871956237185, Road CLOSED, }, Latitude= 41.625097563993904, Longitude= -71.00783207350887,  (at simulation time 334.202,800,000 s)
2023-09-25 08:46:11,865 INFO  - ,Received V2X Message from ,rsu_1, InterVehicleMsg{,29, 2593,  41.625495625845225,  -71.00871956237185, Road CLOSED, }, Latitude= 41.625097563993904, Longitude= -71.00783207350887,  (at simulation time 334.302,300,000 s)
2023-09-25 08:46:11,865 INFO  - ,Received V2X Message from ,rsu_1, InterVehicleMsg{,29, 2594,  41.625495625845225,  -71.00871956237185, Road CLOSED, }, Latitude= 41.625097563993904, Longitude= -71.00783207350887,  (at simulation time 334.404,300,000 s)
2023-09-25 08:46:11,865 INFO  - ,Received V2X Message from ,rsu_1, InterVehicleMsg{,29, 2595,  41.625495625845225,  -71.00871956237185, Road CLOSED, }, Latitude= 41.625097563993904, Longitude= -71.00783207350887,  (at simulation time 334.501,300,000 s)
2023-09-25 08:46:11,865 INFO  - ,Received V2X Message from ,rsu_1, InterVehicleMsg{,29, 2596,  41.625495625845225,  -71.00871956237185, Road CLOSED, }, Latitude= 41.625097563993904, Longitude= -71.00783207350887,  (at simulation time 334.604,300,000 s)
2023-09-25 08:46:11,865 INFO  - ,Received V2X Message from ,rsu_1, InterVehicleMsg{,29, 2597,  41.625495625845225,  -71.00871956237185, Road CLOSED, }, Latitude= 41.625097563993904, Longitude= -71.00783207350887,  (at simulation time 334.702,800,000 s)
2023-09-25 08:46:11,865 INFO  - ,Received V2X Message from ,rsu_1, InterVehicleMsg{,29, 2598,  41.625495625845225,  -71.00871956237185, Road CLOSED, }, Latitude= 41.625097563993904, Longitude= -71.00783207350887,  (at simulation time 334.801,800,000 s)
2023-09-25 08:46:11,865 INFO  - ,Received V2X Message from ,rsu_1, InterVehicleMsg{,29, 2599,  41.625495625845225,  -71.00871956237185, Road CLOSED, }, Latitude= 41.625097563993904, Longitude= -71.00783207350887,  (at simulation time 334.903,800,000 s)
2023-09-25 08:46:11,868 INFO  - ,Received V2X Message from ,rsu_1, InterVehicleMsg{,29, 2600,  41.625495625845225,  -71.00871956237185, Road CLOSED, }, Latitude= 41.625130710081486, Longitude= -71.00789066660211,  (at simulation time 335.003,800,000 s)
2023-09-25 08:46:11,868 INFO  - ,Received V2X Message from ,rsu_1, InterVehicleMsg{,29, 2601,  41.625495625845225,  -71.00871956237185, Road CLOSED, }, Latitude= 41.625130710081486, Longitude= -71.00789066660211,  (at simulation time 335.103,300,000 s)
2023-09-25 08:46:11,869 INFO  - ,Received V2X Message from ,rsu_1, InterVehicleMsg{,29, 2602,  41.625495625845225,  -71.00871956237185, Road CLOSED, }, Latitude= 41.625130710081486, Longitude= -71.00789066660211,  (at simulation time 335.202,300,000 s)
2023-09-25 08:46:11,869 INFO  - ,Received V2X Message from ,rsu_1, InterVehicleMsg{,29, 2603,  41.625495625845225,  -71.00871956237185, Road CLOSED, }, Latitude= 41.625130710081486, Longitude= -71.00789066660211,  (at simulation time 335.303,300,000 s)
2023-09-25 08:46:11,869 INFO  - ,Received V2X Message from ,rsu_1, InterVehicleMsg{,29, 2604,  41.625495625845225,  -71.00871956237185, Road CLOSED, }, Latitude= 41.625130710081486, Longitude= -71.00789066660211,  (at simulation time 335.401,300,000 s)
2023-09-25 08:46:11,869 INFO  - ,Received V2X Message from ,rsu_1, InterVehicleMsg{,29, 2605,  41.625495625845225,  -71.00871956237185, Road CLOSED, }, Latitude= 41.625130710081486, Longitude= -71.00789066660211,  (at simulation time 335.502,300,000 s)
2023-09-25 08:46:11,869 INFO  - ,Received V2X Message from ,rsu_1, InterVehicleMsg{,29, 2606,  41.625495625845225,  -71.00871956237185, Road CLOSED, }, Latitude= 41.625130710081486, Longitude= -71.00789066660211,  (at simulation time 335.601,800,000 s)
2023-09-25 08:46:11,869 INFO  - ,Received V2X Message from ,rsu_1, InterVehicleMsg{,29, 2607,  41.625495625845225,  -71.00871956237185, Road CLOSED, }, Latitude= 41.625130710081486, Longitude= -71.00789066660211,  (at simulation time 335.702,800,000 s)
2023-09-25 08:46:11,869 INFO  - ,Received V2X Message from ,rsu_1, InterVehicleMsg{,29, 2608,  41.625495625845225,  -71.00871956237185, Road CLOSED, }, Latitude= 41.625130710081486, Longitude= -71.00789066660211,  (at simulation time 335.800,800,000 s)
2023-09-25 08:46:11,869 INFO  - ,Received V2X Message from ,rsu_1, InterVehicleMsg{,29, 2609,  41.625495625845225,  -71.00871956237185, Road CLOSED, }, Latitude= 41.625130710081486, Longitude= -71.00789066660211,  (at simulation time 335.902,300,000 s)
2023-09-25 08:46:11,870 INFO  - ,Received V2X Message from ,rsu_1, InterVehicleMsg{,29, 2610,  41.625495625845225,  -71.00871956237185, Road CLOSED, }, Latitude= 41.62517196265624, Longitude= -71.00795770741037,  (at simulation time 336.002,300,000 s)
2023-09-25 08:46:11,870 INFO  - ,Received V2X Message from ,rsu_1, InterVehicleMsg{,29, 2611,  41.625495625845225,  -71.00871956237185, Road CLOSED, }, Latitude= 41.62517196265624, Longitude= -71.00795770741037,  (at simulation time 336.102,300,000 s)
2023-09-25 08:46:11,870 INFO  - ,Received V2X Message from ,rsu_1, InterVehicleMsg{,29, 2612,  41.625495625845225,  -71.00871956237185, Road CLOSED, }, Latitude= 41.62517196265624, Longitude= -71.00795770741037,  (at simulation time 336.203,800,000 s)
2023-09-25 08:46:11,871 INFO  - ,Received V2X Message from ,rsu_1, InterVehicleMsg{,29, 2613,  41.625495625845225,  -71.00871956237185, Road CLOSED, }, Latitude= 41.62517196265624, Longitude= -71.00795770741037,  (at simulation time 336.303,800,000 s)
2023-09-25 08:46:11,871 INFO  - ,Received V2X Message from ,rsu_1, InterVehicleMsg{,29, 2614,  41.625495625845225,  -71.00871956237185, Road CLOSED, }, Latitude= 41.62517196265624, Longitude= -71.00795770741037,  (at simulation time 336.403,300,000 s)
2023-09-25 08:46:11,871 INFO  - ,Received V2X Message from ,rsu_1, InterVehicleMsg{,29, 2615,  41.625495625845225,  -71.00871956237185, Road CLOSED, }, Latitude= 41.62517196265624, Longitude= -71.00795770741037,  (at simulation time 336.501,800,000 s)
2023-09-25 08:46:11,871 INFO  - ,Received V2X Message from ,rsu_1, InterVehicleMsg{,29, 2616,  41.625495625845225,  -71.00871956237185, Road CLOSED, }, Latitude= 41.62517196265624, Longitude= -71.00795770741037,  (at simulation time 336.602,800,000 s)
2023-09-25 08:46:11,871 INFO  - ,Received V2X Message from ,rsu_1, InterVehicleMsg{,29, 2617,  41.625495625845225,  -71.00871956237185, Road CLOSED, }, Latitude= 41.62517196265624, Longitude= -71.00795770741037,  (at simulation time 336.702,800,000 s)
2023-09-25 08:46:11,871 INFO  - ,Received V2X Message from ,rsu_1, InterVehicleMsg{,29, 2618,  41.625495625845225,  -71.00871956237185, Road CLOSED, }, Latitude= 41.62517196265624, Longitude= -71.00795770741037,  (at simulation time 336.803,800,000 s)
2023-09-25 08:46:11,871 INFO  - ,Received V2X Message from ,rsu_1, InterVehicleMsg{,29, 2619,  41.625495625845225,  -71.00871956237185, Road CLOSED, }, Latitude= 41.62517196265624, Longitude= -71.00795770741037,  (at simulation time 336.902,800,000 s)
2023-09-25 08:46:11,872 INFO  - ,Received V2X Message from ,rsu_1, InterVehicleMsg{,29, 2620,  41.625495625845225,  -71.00871956237185, Road CLOSED, }, Latitude= 41.62520976042688, Longitude= -71.00801658002669,  (at simulation time 337.003,300,000 s)
2023-09-25 08:46:11,872 INFO  - ,Received V2X Message from ,rsu_1, InterVehicleMsg{,29, 2621,  41.625495625845225,  -71.00871956237185, Road CLOSED, }, Latitude= 41.62520976042688, Longitude= -71.00801658002669,  (at simulation time 337.103,800,000 s)
2023-09-25 08:46:11,872 INFO  - ,Received V2X Message from ,rsu_1, InterVehicleMsg{,29, 2622,  41.625495625845225,  -71.00871956237185, Road CLOSED, }, Latitude= 41.62520976042688, Longitude= -71.00801658002669,  (at simulation time 337.201,800,000 s)
2023-09-25 08:46:11,872 INFO  - ,Received V2X Message from ,rsu_1, InterVehicleMsg{,29, 2623,  41.625495625845225,  -71.00871956237185, Road CLOSED, }, Latitude= 41.62520976042688, Longitude= -71.00801658002669,  (at simulation time 337.304,800,000 s)
2023-09-25 08:46:11,872 INFO  - ,Received V2X Message from ,rsu_1, InterVehicleMsg{,29, 2624,  41.625495625845225,  -71.00871956237185, Road CLOSED, }, Latitude= 41.62520976042688, Longitude= -71.00801658002669,  (at simulation time 337.401,300,000 s)
2023-09-25 08:46:11,872 INFO  - ,Received V2X Message from ,rsu_1, InterVehicleMsg{,29, 2625,  41.625495625845225,  -71.00871956237185, Road CLOSED, }, Latitude= 41.62520976042688, Longitude= -71.00801658002669,  (at simulation time 337.503,800,000 s)
2023-09-25 08:46:11,873 INFO  - ,Received V2X Message from ,rsu_1, InterVehicleMsg{,29, 2626,  41.625495625845225,  -71.00871956237185, Road CLOSED, }, Latitude= 41.62520976042688, Longitude= -71.00801658002669,  (at simulation time 337.603,300,000 s)
2023-09-25 08:46:11,873 INFO  - ,Received V2X Message from ,rsu_1, InterVehicleMsg{,29, 2627,  41.625495625845225,  -71.00871956237185, Road CLOSED, }, Latitude= 41.62520976042688, Longitude= -71.00801658002669,  (at simulation time 337.703,800,000 s)
2023-09-25 08:46:11,873 INFO  - ,Received V2X Message from ,rsu_1, InterVehicleMsg{,29, 2628,  41.625495625845225,  -71.00871956237185, Road CLOSED, }, Latitude= 41.62520976042688, Longitude= -71.00801658002669,  (at simulation time 337.801,800,000 s)
2023-09-25 08:46:11,873 INFO  - ,Received V2X Message from ,rsu_1, InterVehicleMsg{,29, 2629,  41.625495625845225,  -71.00871956237185, Road CLOSED, }, Latitude= 41.62520976042688, Longitude= -71.00801658002669,  (at simulation time 337.903,800,000 s)
2023-09-25 08:46:11,874 INFO  - ,Received V2X Message from ,rsu_1, InterVehicleMsg{,29, 2630,  41.625495625845225,  -71.00871956237185, Road CLOSED, }, Latitude= 41.62524290873015, Longitude= -71.00806821087652,  (at simulation time 338.001,300,000 s)
2023-09-25 08:46:11,874 INFO  - ,Received V2X Message from ,rsu_1, InterVehicleMsg{,29, 2631,  41.625495625845225,  -71.00871956237185, Road CLOSED, }, Latitude= 41.62524290873015, Longitude= -71.00806821087652,  (at simulation time 338.101,300,000 s)
2023-09-25 08:46:11,874 INFO  - ,Received V2X Message from ,rsu_1, InterVehicleMsg{,29, 2632,  41.625495625845225,  -71.00871956237185, Road CLOSED, }, Latitude= 41.62524290873015, Longitude= -71.00806821087652,  (at simulation time 338.202,800,000 s)
2023-09-25 08:46:11,874 INFO  - ,Received V2X Message from ,rsu_1, InterVehicleMsg{,29, 2633,  41.625495625845225,  -71.00871956237185, Road CLOSED, }, Latitude= 41.62524290873015, Longitude= -71.00806821087652,  (at simulation time 338.304,300,000 s)
2023-09-25 08:46:11,874 INFO  - ,Received V2X Message from ,rsu_1, InterVehicleMsg{,29, 2634,  41.625495625845225,  -71.00871956237185, Road CLOSED, }, Latitude= 41.62524290873015, Longitude= -71.00806821087652,  (at simulation time 338.402,300,000 s)
2023-09-25 08:46:11,874 INFO  - ,Received V2X Message from ,rsu_1, InterVehicleMsg{,29, 2635,  41.625495625845225,  -71.00871956237185, Road CLOSED, }, Latitude= 41.62524290873015, Longitude= -71.00806821087652,  (at simulation time 338.502,300,000 s)
2023-09-25 08:46:11,874 INFO  - ,Received V2X Message from ,rsu_1, InterVehicleMsg{,29, 2636,  41.625495625845225,  -71.00871956237185, Road CLOSED, }, Latitude= 41.62524290873015, Longitude= -71.00806821087652,  (at simulation time 338.602,800,000 s)
2023-09-25 08:46:11,874 INFO  - ,Received V2X Message from ,rsu_1, InterVehicleMsg{,29, 2637,  41.625495625845225,  -71.00871956237185, Road CLOSED, }, Latitude= 41.62524290873015, Longitude= -71.00806821087652,  (at simulation time 338.702,800,000 s)
2023-09-25 08:46:11,875 INFO  - ,Received V2X Message from ,rsu_1, InterVehicleMsg{,29, 2638,  41.625495625845225,  -71.00871956237185, Road CLOSED, }, Latitude= 41.62524290873015, Longitude= -71.00806821087652,  (at simulation time 338.801,300,000 s)
2023-09-25 08:46:11,875 INFO  - ,Received V2X Message from ,rsu_1, InterVehicleMsg{,29, 2639,  41.625495625845225,  -71.00871956237185, Road CLOSED, }, Latitude= 41.62524290873015, Longitude= -71.00806821087652,  (at simulation time 338.901,800,000 s)
2023-09-25 08:46:11,876 INFO  - ,Received V2X Message from ,rsu_1, InterVehicleMsg{,29, 2640,  41.625495625845225,  -71.00871956237185, Road CLOSED, }, Latitude= 41.62527552456025, Longitude= -71.00811901245007,  (at simulation time 339.004,300,000 s)
2023-09-25 08:46:11,876 INFO  - ,Received V2X Message from ,rsu_1, InterVehicleMsg{,29, 2641,  41.625495625845225,  -71.00871956237185, Road CLOSED, }, Latitude= 41.62527552456025, Longitude= -71.00811901245007,  (at simulation time 339.101,800,000 s)
2023-09-25 08:46:11,876 INFO  - ,Received V2X Message from ,rsu_1, InterVehicleMsg{,29, 2642,  41.625495625845225,  -71.00871956237185, Road CLOSED, }, Latitude= 41.62527552456025, Longitude= -71.00811901245007,  (at simulation time 339.204,800,000 s)
2023-09-25 08:46:11,876 INFO  - ,Received V2X Message from ,rsu_1, InterVehicleMsg{,29, 2643,  41.625495625845225,  -71.00871956237185, Road CLOSED, }, Latitude= 41.62527552456025, Longitude= -71.00811901245007,  (at simulation time 339.302,300,000 s)
2023-09-25 08:46:11,876 INFO  - ,Received V2X Message from ,rsu_1, InterVehicleMsg{,29, 2644,  41.625495625845225,  -71.00871956237185, Road CLOSED, }, Latitude= 41.62527552456025, Longitude= -71.00811901245007,  (at simulation time 339.402,300,000 s)
2023-09-25 08:46:11,876 INFO  - ,Received V2X Message from ,rsu_1, InterVehicleMsg{,29, 2645,  41.625495625845225,  -71.00871956237185, Road CLOSED, }, Latitude= 41.62527552456025, Longitude= -71.00811901245007,  (at simulation time 339.502,800,000 s)
2023-09-25 08:46:11,876 INFO  - ,Received V2X Message from ,rsu_1, InterVehicleMsg{,29, 2646,  41.625495625845225,  -71.00871956237185, Road CLOSED, }, Latitude= 41.62527552456025, Longitude= -71.00811901245007,  (at simulation time 339.603,300,000 s)
2023-09-25 08:46:11,876 INFO  - ,Received V2X Message from ,rsu_1, InterVehicleMsg{,29, 2647,  41.625495625845225,  -71.00871956237185, Road CLOSED, }, Latitude= 41.62527552456025, Longitude= -71.00811901245007,  (at simulation time 339.702,300,000 s)
2023-09-25 08:46:11,876 INFO  - ,Received V2X Message from ,rsu_1, InterVehicleMsg{,29, 2648,  41.625495625845225,  -71.00871956237185, Road CLOSED, }, Latitude= 41.62527552456025, Longitude= -71.00811901245007,  (at simulation time 339.801,300,000 s)
2023-09-25 08:46:11,876 INFO  - ,Received V2X Message from ,rsu_1, InterVehicleMsg{,29, 2649,  41.625495625845225,  -71.00871956237185, Road CLOSED, }, Latitude= 41.62527552456025, Longitude= -71.00811901245007,  (at simulation time 339.901,300,000 s)
2023-09-25 08:46:11,878 INFO  - ,Received V2X Message from ,rsu_1, InterVehicleMsg{,29, 2650,  41.625495625845225,  -71.00871956237185, Road CLOSED, }, Latitude= 41.62532337507142, Longitude= -71.00819298426063,  (at simulation time 340.001,800,000 s)
2023-09-25 08:46:11,878 INFO  - ,Received V2X Message from ,rsu_1, InterVehicleMsg{,29, 2651,  41.625495625845225,  -71.00871956237185, Road CLOSED, }, Latitude= 41.62532337507142, Longitude= -71.00819298426063,  (at simulation time 340.101,800,000 s)
2023-09-25 08:46:11,878 INFO  - ,Received V2X Message from ,rsu_1, InterVehicleMsg{,29, 2652,  41.625495625845225,  -71.00871956237185, Road CLOSED, }, Latitude= 41.62532337507142, Longitude= -71.00819298426063,  (at simulation time 340.204,300,000 s)
2023-09-25 08:46:11,878 INFO  - ,Received V2X Message from ,rsu_1, InterVehicleMsg{,29, 2653,  41.625495625845225,  -71.00871956237185, Road CLOSED, }, Latitude= 41.62532337507142, Longitude= -71.00819298426063,  (at simulation time 340.304,800,000 s)
2023-09-25 08:46:11,878 INFO  - ,Received V2X Message from ,rsu_1, InterVehicleMsg{,29, 2654,  41.625495625845225,  -71.00871956237185, Road CLOSED, }, Latitude= 41.62532337507142, Longitude= -71.00819298426063,  (at simulation time 340.403,300,000 s)
2023-09-25 08:46:11,878 INFO  - ,Received V2X Message from ,rsu_1, InterVehicleMsg{,29, 2655,  41.625495625845225,  -71.00871956237185, Road CLOSED, }, Latitude= 41.62532337507142, Longitude= -71.00819298426063,  (at simulation time 340.503,300,000 s)
2023-09-25 08:46:11,878 INFO  - ,Received V2X Message from ,rsu_1, InterVehicleMsg{,29, 2656,  41.625495625845225,  -71.00871956237185, Road CLOSED, }, Latitude= 41.62532337507142, Longitude= -71.00819298426063,  (at simulation time 340.602,800,000 s)
2023-09-25 08:46:11,878 INFO  - ,Received V2X Message from ,rsu_1, InterVehicleMsg{,29, 2657,  41.625495625845225,  -71.00871956237185, Road CLOSED, }, Latitude= 41.62532337507142, Longitude= -71.00819298426063,  (at simulation time 340.702,300,000 s)
2023-09-25 08:46:11,879 INFO  - ,Received V2X Message from ,rsu_1, InterVehicleMsg{,29, 2658,  41.625495625845225,  -71.00871956237185, Road CLOSED, }, Latitude= 41.62532337507142, Longitude= -71.00819298426063,  (at simulation time 340.802,800,000 s)
2023-09-25 08:46:11,879 INFO  - ,Received V2X Message from ,rsu_1, InterVehicleMsg{,29, 2659,  41.625495625845225,  -71.00871956237185, Road CLOSED, }, Latitude= 41.62532337507142, Longitude= -71.00819298426063,  (at simulation time 340.901,300,000 s)
2023-09-25 08:46:11,879 INFO  - ,Received V2X Message from ,rsu_1, InterVehicleMsg{,29, 2660,  41.625495625845225,  -71.00871956237185, Road CLOSED, }, Latitude= 41.625361028507406, Longitude= -71.00824749321694,  (at simulation time 341.002,800,000 s)
2023-09-25 08:46:11,880 INFO  - ,Received V2X Message from ,rsu_1, InterVehicleMsg{,29, 2661,  41.625495625845225,  -71.00871956237185, Road CLOSED, }, Latitude= 41.625361028507406, Longitude= -71.00824749321694,  (at simulation time 341.103,300,000 s)
2023-09-25 08:46:11,880 INFO  - ,Received V2X Message from ,rsu_1, InterVehicleMsg{,29, 2662,  41.625495625845225,  -71.00871956237185, Road CLOSED, }, Latitude= 41.625361028507406, Longitude= -71.00824749321694,  (at simulation time 341.201,300,000 s)
2023-09-25 08:46:11,880 INFO  - ,Received V2X Message from ,rsu_1, InterVehicleMsg{,29, 2663,  41.625495625845225,  -71.00871956237185, Road CLOSED, }, Latitude= 41.625361028507406, Longitude= -71.00824749321694,  (at simulation time 341.302,800,000 s)
2023-09-25 08:46:11,880 INFO  - ,Received V2X Message from ,rsu_1, InterVehicleMsg{,29, 2664,  41.625495625845225,  -71.00871956237185, Road CLOSED, }, Latitude= 41.625361028507406, Longitude= -71.00824749321694,  (at simulation time 341.401,800,000 s)
2023-09-25 08:46:11,880 INFO  - ,Received V2X Message from ,rsu_1, InterVehicleMsg{,29, 2665,  41.625495625845225,  -71.00871956237185, Road CLOSED, }, Latitude= 41.625361028507406, Longitude= -71.00824749321694,  (at simulation time 341.502,300,000 s)
2023-09-25 08:46:11,880 INFO  - ,Received V2X Message from ,rsu_1, InterVehicleMsg{,29, 2666,  41.625495625845225,  -71.00871956237185, Road CLOSED, }, Latitude= 41.625361028507406, Longitude= -71.00824749321694,  (at simulation time 341.602,800,000 s)
2023-09-25 08:46:11,880 INFO  - ,Received V2X Message from ,rsu_1, InterVehicleMsg{,29, 2667,  41.625495625845225,  -71.00871956237185, Road CLOSED, }, Latitude= 41.625361028507406, Longitude= -71.00824749321694,  (at simulation time 341.702,800,000 s)
2023-09-25 08:46:11,880 INFO  - ,Received V2X Message from ,rsu_1, InterVehicleMsg{,29, 2668,  41.625495625845225,  -71.00871956237185, Road CLOSED, }, Latitude= 41.625361028507406, Longitude= -71.00824749321694,  (at simulation time 341.803,300,000 s)
2023-09-25 08:46:11,880 INFO  - ,Received V2X Message from ,rsu_1, InterVehicleMsg{,29, 2669,  41.625495625845225,  -71.00871956237185, Road CLOSED, }, Latitude= 41.625361028507406, Longitude= -71.00824749321694,  (at simulation time 341.902,300,000 s)
2023-09-25 08:46:11,881 INFO  - ,Received V2X Message from ,rsu_1, InterVehicleMsg{,29, 2670,  41.625495625845225,  -71.00871956237185, Road CLOSED, }, Latitude= 41.62540392075747, Longitude= -71.00830958626248,  (at simulation time 342.004,300,000 s)
2023-09-25 08:46:11,881 INFO  - ,Received V2X Message from ,rsu_1, InterVehicleMsg{,29, 2671,  41.625495625845225,  -71.00871956237185, Road CLOSED, }, Latitude= 41.62540392075747, Longitude= -71.00830958626248,  (at simulation time 342.101,800,000 s)
2023-09-25 08:46:11,882 INFO  - ,Received V2X Message from ,rsu_1, InterVehicleMsg{,29, 2672,  41.625495625845225,  -71.00871956237185, Road CLOSED, }, Latitude= 41.62540392075747, Longitude= -71.00830958626248,  (at simulation time 342.202,800,000 s)
2023-09-25 08:46:11,882 INFO  - ,Received V2X Message from ,rsu_1, InterVehicleMsg{,29, 2673,  41.625495625845225,  -71.00871956237185, Road CLOSED, }, Latitude= 41.62540392075747, Longitude= -71.00830958626248,  (at simulation time 342.302,800,000 s)
2023-09-25 08:46:11,882 INFO  - ,Received V2X Message from ,rsu_1, InterVehicleMsg{,29, 2674,  41.625495625845225,  -71.00871956237185, Road CLOSED, }, Latitude= 41.62540392075747, Longitude= -71.00830958626248,  (at simulation time 342.403,800,000 s)
2023-09-25 08:46:11,882 INFO  - ,Received V2X Message from ,rsu_1, InterVehicleMsg{,29, 2675,  41.625495625845225,  -71.00871956237185, Road CLOSED, }, Latitude= 41.62540392075747, Longitude= -71.00830958626248,  (at simulation time 342.503,300,000 s)
2023-09-25 08:46:11,882 INFO  - ,Received V2X Message from ,rsu_1, InterVehicleMsg{,29, 2676,  41.625495625845225,  -71.00871956237185, Road CLOSED, }, Latitude= 41.62540392075747, Longitude= -71.00830958626248,  (at simulation time 342.603,300,000 s)
2023-09-25 08:46:11,882 INFO  - ,Received V2X Message from ,rsu_1, InterVehicleMsg{,29, 2677,  41.625495625845225,  -71.00871956237185, Road CLOSED, }, Latitude= 41.62540392075747, Longitude= -71.00830958626248,  (at simulation time 342.701,300,000 s)
2023-09-25 08:46:11,883 INFO  - ,Received V2X Message from ,rsu_1, InterVehicleMsg{,29, 2678,  41.625495625845225,  -71.00871956237185, Road CLOSED, }, Latitude= 41.62540392075747, Longitude= -71.00830958626248,  (at simulation time 342.801,300,000 s)
2023-09-25 08:46:11,883 INFO  - ,Received V2X Message from ,rsu_1, InterVehicleMsg{,29, 2679,  41.625495625845225,  -71.00871956237185, Road CLOSED, }, Latitude= 41.62540392075747, Longitude= -71.00830958626248,  (at simulation time 342.901,800,000 s)
2023-09-25 08:46:11,884 INFO  - ,Received V2X Message from ,rsu_1, InterVehicleMsg{,29, 2680,  41.625495625845225,  -71.00871956237185, Road CLOSED, }, Latitude= 41.625447631307196, Longitude= -71.00837286405876,  (at simulation time 343.003,800,000 s)
2023-09-25 08:46:11,884 INFO  - ,Received V2X Message from ,rsu_1, InterVehicleMsg{,29, 2681,  41.625495625845225,  -71.00871956237185, Road CLOSED, }, Latitude= 41.625447631307196, Longitude= -71.00837286405876,  (at simulation time 343.101,800,000 s)
2023-09-25 08:46:11,884 INFO  - ,Received V2X Message from ,rsu_1, InterVehicleMsg{,29, 2682,  41.625495625845225,  -71.00871956237185, Road CLOSED, }, Latitude= 41.625447631307196, Longitude= -71.00837286405876,  (at simulation time 343.203,800,000 s)
2023-09-25 08:46:11,885 INFO  - ,Received V2X Message from ,rsu_1, InterVehicleMsg{,29, 2683,  41.625495625845225,  -71.00871956237185, Road CLOSED, }, Latitude= 41.625447631307196, Longitude= -71.00837286405876,  (at simulation time 343.301,800,000 s)
2023-09-25 08:46:11,885 INFO  - ,Received V2X Message from ,rsu_1, InterVehicleMsg{,29, 2684,  41.625495625845225,  -71.00871956237185, Road CLOSED, }, Latitude= 41.625447631307196, Longitude= -71.00837286405876,  (at simulation time 343.401,800,000 s)
2023-09-25 08:46:11,885 INFO  - ,Received V2X Message from ,rsu_1, InterVehicleMsg{,29, 2685,  41.625495625845225,  -71.00871956237185, Road CLOSED, }, Latitude= 41.625447631307196, Longitude= -71.00837286405876,  (at simulation time 343.504,300,000 s)
2023-09-25 08:46:11,885 INFO  - ,Received V2X Message from ,rsu_1, InterVehicleMsg{,29, 2686,  41.625495625845225,  -71.00871956237185, Road CLOSED, }, Latitude= 41.625447631307196, Longitude= -71.00837286405876,  (at simulation time 343.602,800,000 s)
2023-09-25 08:46:11,885 INFO  - ,Received V2X Message from ,rsu_1, InterVehicleMsg{,29, 2687,  41.625495625845225,  -71.00871956237185, Road CLOSED, }, Latitude= 41.625447631307196, Longitude= -71.00837286405876,  (at simulation time 343.704,800,000 s)
2023-09-25 08:46:11,885 INFO  - ,Received V2X Message from ,rsu_1, InterVehicleMsg{,29, 2688,  41.625495625845225,  -71.00871956237185, Road CLOSED, }, Latitude= 41.625447631307196, Longitude= -71.00837286405876,  (at simulation time 343.804,300,000 s)
2023-09-25 08:46:11,885 INFO  - ,Received V2X Message from ,rsu_1, InterVehicleMsg{,29, 2689,  41.625495625845225,  -71.00871956237185, Road CLOSED, }, Latitude= 41.625447631307196, Longitude= -71.00837286405876,  (at simulation time 343.901,800,000 s)
2023-09-25 08:46:11,887 INFO  - ,Received V2X Message from ,rsu_1, InterVehicleMsg{,29, 2690,  41.625495625845225,  -71.00871956237185, Road CLOSED, }, Latitude= 41.62549191188104, Longitude= -71.00843696719502,  (at simulation time 344.003,800,000 s)
2023-09-25 08:46:11,887 INFO  - ,Received V2X Message from ,rsu_1, InterVehicleMsg{,29, 2691,  41.625495625845225,  -71.00871956237185, Road CLOSED, }, Latitude= 41.62549191188104, Longitude= -71.00843696719502,  (at simulation time 344.100,800,000 s)
2023-09-25 08:46:11,887 INFO  - ,Received V2X Message from ,rsu_1, InterVehicleMsg{,29, 2692,  41.625495625845225,  -71.00871956237185, Road CLOSED, }, Latitude= 41.62549191188104, Longitude= -71.00843696719502,  (at simulation time 344.200,800,000 s)
2023-09-25 08:46:11,887 INFO  - ,Received V2X Message from ,rsu_1, InterVehicleMsg{,29, 2693,  41.625495625845225,  -71.00871956237185, Road CLOSED, }, Latitude= 41.62549191188104, Longitude= -71.00843696719502,  (at simulation time 344.302,300,000 s)
2023-09-25 08:46:11,887 INFO  - ,Received V2X Message from ,rsu_1, InterVehicleMsg{,29, 2694,  41.625495625845225,  -71.00871956237185, Road CLOSED, }, Latitude= 41.62549191188104, Longitude= -71.00843696719502,  (at simulation time 344.403,300,000 s)
2023-09-25 08:46:11,887 INFO  - ,Received V2X Message from ,rsu_1, InterVehicleMsg{,29, 2695,  41.625495625845225,  -71.00871956237185, Road CLOSED, }, Latitude= 41.62549191188104, Longitude= -71.00843696719502,  (at simulation time 344.503,800,000 s)
2023-09-25 08:46:11,887 INFO  - ,Received V2X Message from ,rsu_1, InterVehicleMsg{,29, 2696,  41.625495625845225,  -71.00871956237185, Road CLOSED, }, Latitude= 41.62549191188104, Longitude= -71.00843696719502,  (at simulation time 344.604,300,000 s)
2023-09-25 08:46:11,887 INFO  - ,Received V2X Message from ,rsu_1, InterVehicleMsg{,29, 2697,  41.625495625845225,  -71.00871956237185, Road CLOSED, }, Latitude= 41.62549191188104, Longitude= -71.00843696719502,  (at simulation time 344.704,300,000 s)
2023-09-25 08:46:11,888 INFO  - ,Received V2X Message from ,rsu_1, InterVehicleMsg{,29, 2698,  41.625495625845225,  -71.00871956237185, Road CLOSED, }, Latitude= 41.62549191188104, Longitude= -71.00843696719502,  (at simulation time 344.802,300,000 s)
2023-09-25 08:46:11,888 INFO  - ,Received V2X Message from ,rsu_1, InterVehicleMsg{,29, 2699,  41.625495625845225,  -71.00871956237185, Road CLOSED, }, Latitude= 41.62549191188104, Longitude= -71.00843696719502,  (at simulation time 344.904,300,000 s)
2023-09-25 08:46:11,889 INFO  - ,Received V2X Message from ,rsu_1, InterVehicleMsg{,29, 2700,  41.625495625845225,  -71.00871956237185, Road CLOSED, }, Latitude= 41.62553029756924, Longitude= -71.00848949098764,  (at simulation time 345.002,800,000 s)
2023-09-25 08:46:11,889 INFO  - ,Received V2X Message from ,rsu_1, InterVehicleMsg{,29, 2701,  41.625495625845225,  -71.00871956237185, Road CLOSED, }, Latitude= 41.62553029756924, Longitude= -71.00848949098764,  (at simulation time 345.103,800,000 s)
2023-09-25 08:46:11,889 INFO  - ,Received V2X Message from ,rsu_1, InterVehicleMsg{,29, 2702,  41.625495625845225,  -71.00871956237185, Road CLOSED, }, Latitude= 41.62553029756924, Longitude= -71.00848949098764,  (at simulation time 345.203,300,000 s)
2023-09-25 08:46:11,889 INFO  - ,Received V2X Message from ,rsu_1, InterVehicleMsg{,29, 2703,  41.625495625845225,  -71.00871956237185, Road CLOSED, }, Latitude= 41.62553029756924, Longitude= -71.00848949098764,  (at simulation time 345.302,800,000 s)
2023-09-25 08:46:11,889 INFO  - ,Received V2X Message from ,rsu_1, InterVehicleMsg{,29, 2704,  41.625495625845225,  -71.00871956237185, Road CLOSED, }, Latitude= 41.62553029756924, Longitude= -71.00848949098764,  (at simulation time 345.403,300,000 s)
2023-09-25 08:46:11,889 INFO  - ,Received V2X Message from ,rsu_1, InterVehicleMsg{,29, 2705,  41.625495625845225,  -71.00871956237185, Road CLOSED, }, Latitude= 41.62553029756924, Longitude= -71.00848949098764,  (at simulation time 345.504,300,000 s)
2023-09-25 08:46:11,889 INFO  - ,Received V2X Message from ,rsu_1, InterVehicleMsg{,29, 2706,  41.625495625845225,  -71.00871956237185, Road CLOSED, }, Latitude= 41.62553029756924, Longitude= -71.00848949098764,  (at simulation time 345.601,800,000 s)
2023-09-25 08:46:11,890 INFO  - ,Received V2X Message from ,rsu_1, InterVehicleMsg{,29, 2707,  41.625495625845225,  -71.00871956237185, Road CLOSED, }, Latitude= 41.62553029756924, Longitude= -71.00848949098764,  (at simulation time 345.704,800,000 s)
2023-09-25 08:46:11,890 INFO  - ,Received V2X Message from ,rsu_1, InterVehicleMsg{,29, 2708,  41.625495625845225,  -71.00871956237185, Road CLOSED, }, Latitude= 41.62553029756924, Longitude= -71.00848949098764,  (at simulation time 345.803,800,000 s)
2023-09-25 08:46:11,890 INFO  - ,Received V2X Message from ,rsu_1, InterVehicleMsg{,29, 2709,  41.625495625845225,  -71.00871956237185, Road CLOSED, }, Latitude= 41.62553029756924, Longitude= -71.00848949098764,  (at simulation time 345.902,800,000 s)
2023-09-25 08:46:11,891 INFO  - ,Received V2X Message from ,rsu_1, InterVehicleMsg{,29, 2710,  41.625495625845225,  -71.00871956237185, Road CLOSED, }, Latitude= 41.62557018564305, Longitude= -71.0085430897762,  (at simulation time 346.000,800,000 s)
2023-09-25 08:46:11,891 INFO  - ,Received V2X Message from ,rsu_1, InterVehicleMsg{,29, 2711,  41.625495625845225,  -71.00871956237185, Road CLOSED, }, Latitude= 41.62557018564305, Longitude= -71.0085430897762,  (at simulation time 346.102,800,000 s)
2023-09-25 08:46:11,891 INFO  - ,Received V2X Message from ,rsu_1, InterVehicleMsg{,29, 2712,  41.625495625845225,  -71.00871956237185, Road CLOSED, }, Latitude= 41.62557018564305, Longitude= -71.0085430897762,  (at simulation time 346.201,300,000 s)
2023-09-25 08:46:11,891 INFO  - ,Received V2X Message from ,rsu_1, InterVehicleMsg{,29, 2713,  41.625495625845225,  -71.00871956237185, Road CLOSED, }, Latitude= 41.62557018564305, Longitude= -71.0085430897762,  (at simulation time 346.303,300,000 s)
2023-09-25 08:46:11,891 INFO  - ,Received V2X Message from ,rsu_1, InterVehicleMsg{,29, 2714,  41.625495625845225,  -71.00871956237185, Road CLOSED, }, Latitude= 41.62557018564305, Longitude= -71.0085430897762,  (at simulation time 346.402,300,000 s)
2023-09-25 08:46:11,891 INFO  - ,Received V2X Message from ,rsu_1, InterVehicleMsg{,29, 2715,  41.625495625845225,  -71.00871956237185, Road CLOSED, }, Latitude= 41.62557018564305, Longitude= -71.0085430897762,  (at simulation time 346.501,800,000 s)
2023-09-25 08:46:11,891 INFO  - ,Received V2X Message from ,rsu_1, InterVehicleMsg{,29, 2716,  41.625495625845225,  -71.00871956237185, Road CLOSED, }, Latitude= 41.62557018564305, Longitude= -71.0085430897762,  (at simulation time 346.603,800,000 s)
2023-09-25 08:46:11,891 INFO  - ,Received V2X Message from ,rsu_1, InterVehicleMsg{,29, 2717,  41.625495625845225,  -71.00871956237185, Road CLOSED, }, Latitude= 41.62557018564305, Longitude= -71.0085430897762,  (at simulation time 346.702,800,000 s)
2023-09-25 08:46:11,891 INFO  - ,Received V2X Message from ,rsu_1, InterVehicleMsg{,29, 2718,  41.625495625845225,  -71.00871956237185, Road CLOSED, }, Latitude= 41.62557018564305, Longitude= -71.0085430897762,  (at simulation time 346.803,800,000 s)
2023-09-25 08:46:11,891 INFO  - ,Received V2X Message from ,rsu_1, InterVehicleMsg{,29, 2719,  41.625495625845225,  -71.00871956237185, Road CLOSED, }, Latitude= 41.62557018564305, Longitude= -71.0085430897762,  (at simulation time 346.901,300,000 s)
2023-09-25 08:46:11,892 INFO  - ,Received V2X Message from ,rsu_1, InterVehicleMsg{,29, 2720,  41.625495625845225,  -71.00871956237185, Road CLOSED, }, Latitude= 41.62561597220353, Longitude= -71.0086046146621,  (at simulation time 347.003,300,000 s)
2023-09-25 08:46:11,892 INFO  - ,Received V2X Message from ,rsu_1, InterVehicleMsg{,29, 2721,  41.625495625845225,  -71.00871956237185, Road CLOSED, }, Latitude= 41.62561597220353, Longitude= -71.0086046146621,  (at simulation time 347.103,800,000 s)
2023-09-25 08:46:11,892 INFO  - ,Received V2X Message from ,rsu_1, InterVehicleMsg{,29, 2722,  41.625495625845225,  -71.00871956237185, Road CLOSED, }, Latitude= 41.62561597220353, Longitude= -71.0086046146621,  (at simulation time 347.202,300,000 s)
2023-09-25 08:46:11,892 INFO  - ,Received V2X Message from ,rsu_1, InterVehicleMsg{,29, 2723,  41.625495625845225,  -71.00871956237185, Road CLOSED, }, Latitude= 41.62561597220353, Longitude= -71.0086046146621,  (at simulation time 347.301,300,000 s)
2023-09-25 08:46:11,893 INFO  - ,Received V2X Message from ,rsu_1, InterVehicleMsg{,29, 2724,  41.625495625845225,  -71.00871956237185, Road CLOSED, }, Latitude= 41.62561597220353, Longitude= -71.0086046146621,  (at simulation time 347.403,800,000 s)
2023-09-25 08:46:11,893 INFO  - ,Received V2X Message from ,rsu_1, InterVehicleMsg{,29, 2725,  41.625495625845225,  -71.00871956237185, Road CLOSED, }, Latitude= 41.62561597220353, Longitude= -71.0086046146621,  (at simulation time 347.502,800,000 s)
2023-09-25 08:46:11,893 INFO  - ,Received V2X Message from ,rsu_1, InterVehicleMsg{,29, 2726,  41.625495625845225,  -71.00871956237185, Road CLOSED, }, Latitude= 41.62561597220353, Longitude= -71.0086046146621,  (at simulation time 347.602,800,000 s)
2023-09-25 08:46:11,893 INFO  - ,Received V2X Message from ,rsu_1, InterVehicleMsg{,29, 2727,  41.625495625845225,  -71.00871956237185, Road CLOSED, }, Latitude= 41.62561597220353, Longitude= -71.0086046146621,  (at simulation time 347.702,800,000 s)
2023-09-25 08:46:11,893 INFO  - ,Received V2X Message from ,rsu_1, InterVehicleMsg{,29, 2728,  41.625495625845225,  -71.00871956237185, Road CLOSED, }, Latitude= 41.62561597220353, Longitude= -71.0086046146621,  (at simulation time 347.802,800,000 s)
2023-09-25 08:46:11,893 INFO  - ,Received V2X Message from ,rsu_1, InterVehicleMsg{,29, 2729,  41.625495625845225,  -71.00871956237185, Road CLOSED, }, Latitude= 41.62561597220353, Longitude= -71.0086046146621,  (at simulation time 347.901,800,000 s)
2023-09-25 08:46:11,894 INFO  - ,Received V2X Message from ,rsu_1, InterVehicleMsg{,29, 2730,  41.625495625845225,  -71.00871956237185, Road CLOSED, }, Latitude= 41.6256624983971, Longitude= -71.00866713355467,  (at simulation time 348.001,300,000 s)
2023-09-25 08:46:11,894 INFO  - ,Received V2X Message from ,rsu_1, InterVehicleMsg{,29, 2731,  41.625495625845225,  -71.00871956237185, Road CLOSED, }, Latitude= 41.6256624983971, Longitude= -71.00866713355467,  (at simulation time 348.100,800,000 s)
2023-09-25 08:46:11,894 INFO  - ,Received V2X Message from ,rsu_1, InterVehicleMsg{,29, 2732,  41.625495625845225,  -71.00871956237185, Road CLOSED, }, Latitude= 41.6256624983971, Longitude= -71.00866713355467,  (at simulation time 348.200,800,000 s)
2023-09-25 08:46:11,894 INFO  - ,Received V2X Message from ,rsu_1, InterVehicleMsg{,29, 2733,  41.625495625845225,  -71.00871956237185, Road CLOSED, }, Latitude= 41.6256624983971, Longitude= -71.00866713355467,  (at simulation time 348.301,800,000 s)
2023-09-25 08:46:11,894 INFO  - ,Received V2X Message from ,rsu_1, InterVehicleMsg{,29, 2734,  41.625495625845225,  -71.00871956237185, Road CLOSED, }, Latitude= 41.6256624983971, Longitude= -71.00866713355467,  (at simulation time 348.403,800,000 s)
2023-09-25 08:46:11,894 INFO  - ,Received V2X Message from ,rsu_1, InterVehicleMsg{,29, 2735,  41.625495625845225,  -71.00871956237185, Road CLOSED, }, Latitude= 41.6256624983971, Longitude= -71.00866713355467,  (at simulation time 348.501,300,000 s)
2023-09-25 08:46:11,894 INFO  - ,Received V2X Message from ,rsu_1, InterVehicleMsg{,29, 2736,  41.625495625845225,  -71.00871956237185, Road CLOSED, }, Latitude= 41.6256624983971, Longitude= -71.00866713355467,  (at simulation time 348.603,800,000 s)
2023-09-25 08:46:11,895 INFO  - ,Received V2X Message from ,rsu_1, InterVehicleMsg{,29, 2737,  41.625495625845225,  -71.00871956237185, Road CLOSED, }, Latitude= 41.6256624983971, Longitude= -71.00866713355467,  (at simulation time 348.703,800,000 s)
2023-09-25 08:46:11,895 INFO  - ,Received V2X Message from ,rsu_1, InterVehicleMsg{,29, 2738,  41.625495625845225,  -71.00871956237185, Road CLOSED, }, Latitude= 41.6256624983971, Longitude= -71.00866713355467,  (at simulation time 348.802,300,000 s)
2023-09-25 08:46:11,895 INFO  - ,Received V2X Message from ,rsu_1, InterVehicleMsg{,29, 2739,  41.625495625845225,  -71.00871956237185, Road CLOSED, }, Latitude= 41.6256624983971, Longitude= -71.00866713355467,  (at simulation time 348.904,300,000 s)
2023-09-25 08:46:11,895 INFO  - ,Received V2X Message from ,rsu_1, InterVehicleMsg{,29, 2740,  41.625495625845225,  -71.00871956237185, Road CLOSED, }, Latitude= 41.6257125261479, Longitude= -71.00873222582878,  (at simulation time 349.001,300,000 s)
2023-09-25 08:46:11,896 INFO  - ,Received V2X Message from ,rsu_1, InterVehicleMsg{,29, 2741,  41.625495625845225,  -71.00871956237185, Road CLOSED, }, Latitude= 41.6257125261479, Longitude= -71.00873222582878,  (at simulation time 349.103,800,000 s)
2023-09-25 08:46:11,896 INFO  - ,Received V2X Message from ,rsu_1, InterVehicleMsg{,29, 2742,  41.625495625845225,  -71.00871956237185, Road CLOSED, }, Latitude= 41.6257125261479, Longitude= -71.00873222582878,  (at simulation time 349.202,300,000 s)
2023-09-25 08:46:11,896 INFO  - ,Received V2X Message from ,rsu_1, InterVehicleMsg{,29, 2743,  41.625495625845225,  -71.00871956237185, Road CLOSED, }, Latitude= 41.6257125261479, Longitude= -71.00873222582878,  (at simulation time 349.302,300,000 s)
2023-09-25 08:46:11,896 INFO  - ,Received V2X Message from ,rsu_1, InterVehicleMsg{,29, 2744,  41.625495625845225,  -71.00871956237185, Road CLOSED, }, Latitude= 41.6257125261479, Longitude= -71.00873222582878,  (at simulation time 349.402,800,000 s)
2023-09-25 08:46:11,896 INFO  - ,Received V2X Message from ,rsu_1, InterVehicleMsg{,29, 2745,  41.625495625845225,  -71.00871956237185, Road CLOSED, }, Latitude= 41.6257125261479, Longitude= -71.00873222582878,  (at simulation time 349.501,300,000 s)
2023-09-25 08:46:11,896 INFO  - ,Received V2X Message from ,rsu_1, InterVehicleMsg{,29, 2746,  41.625495625845225,  -71.00871956237185, Road CLOSED, }, Latitude= 41.6257125261479, Longitude= -71.00873222582878,  (at simulation time 349.604,800,000 s)
2023-09-25 08:46:11,896 INFO  - ,Received V2X Message from ,rsu_1, InterVehicleMsg{,29, 2747,  41.625495625845225,  -71.00871956237185, Road CLOSED, }, Latitude= 41.6257125261479, Longitude= -71.00873222582878,  (at simulation time 349.704,300,000 s)
2023-09-25 08:46:11,896 INFO  - ,Received V2X Message from ,rsu_1, InterVehicleMsg{,29, 2748,  41.625495625845225,  -71.00871956237185, Road CLOSED, }, Latitude= 41.6257125261479, Longitude= -71.00873222582878,  (at simulation time 349.803,300,000 s)
2023-09-25 08:46:11,896 INFO  - ,Received V2X Message from ,rsu_1, InterVehicleMsg{,29, 2749,  41.625495625845225,  -71.00871956237185, Road CLOSED, }, Latitude= 41.6257125261479, Longitude= -71.00873222582878,  (at simulation time 349.901,800,000 s)
2023-09-25 08:46:11,898 INFO  - ,Received V2X Message from ,rsu_1, InterVehicleMsg{,29, 2750,  41.625495625845225,  -71.00871956237185, Road CLOSED, }, Latitude= 41.625753668170255, Longitude= -71.00878358285229,  (at simulation time 350.003,800,000 s)
2023-09-25 08:46:11,898 INFO  - ,Received V2X Message from ,rsu_1, InterVehicleMsg{,29, 2751,  41.625495625845225,  -71.00871956237185, Road CLOSED, }, Latitude= 41.625753668170255, Longitude= -71.00878358285229,  (at simulation time 350.103,800,000 s)
2023-09-25 08:46:11,898 INFO  - ,Received V2X Message from ,rsu_1, InterVehicleMsg{,29, 2752,  41.625495625845225,  -71.00871956237185, Road CLOSED, }, Latitude= 41.625753668170255, Longitude= -71.00878358285229,  (at simulation time 350.201,800,000 s)
2023-09-25 08:46:11,898 INFO  - ,Received V2X Message from ,rsu_1, InterVehicleMsg{,29, 2753,  41.625495625845225,  -71.00871956237185, Road CLOSED, }, Latitude= 41.625753668170255, Longitude= -71.00878358285229,  (at simulation time 350.303,800,000 s)
2023-09-25 08:46:11,898 INFO  - ,Received V2X Message from ,rsu_1, InterVehicleMsg{,29, 2754,  41.625495625845225,  -71.00871956237185, Road CLOSED, }, Latitude= 41.625753668170255, Longitude= -71.00878358285229,  (at simulation time 350.402,800,000 s)
2023-09-25 08:46:11,898 INFO  - ,Received V2X Message from ,rsu_1, InterVehicleMsg{,29, 2755,  41.625495625845225,  -71.00871956237185, Road CLOSED, }, Latitude= 41.625753668170255, Longitude= -71.00878358285229,  (at simulation time 350.501,800,000 s)
2023-09-25 08:46:11,898 INFO  - ,Received V2X Message from ,rsu_1, InterVehicleMsg{,29, 2756,  41.625495625845225,  -71.00871956237185, Road CLOSED, }, Latitude= 41.625753668170255, Longitude= -71.00878358285229,  (at simulation time 350.602,300,000 s)
2023-09-25 08:46:11,898 INFO  - ,Received V2X Message from ,rsu_1, InterVehicleMsg{,29, 2757,  41.625495625845225,  -71.00871956237185, Road CLOSED, }, Latitude= 41.625753668170255, Longitude= -71.00878358285229,  (at simulation time 350.701,800,000 s)
2023-09-25 08:46:11,899 INFO  - ,Received V2X Message from ,rsu_1, InterVehicleMsg{,29, 2758,  41.625495625845225,  -71.00871956237185, Road CLOSED, }, Latitude= 41.625753668170255, Longitude= -71.00878358285229,  (at simulation time 350.804,300,000 s)
2023-09-25 08:46:11,899 INFO  - ,Received V2X Message from ,rsu_1, InterVehicleMsg{,29, 2759,  41.625495625845225,  -71.00871956237185, Road CLOSED, }, Latitude= 41.625753668170255, Longitude= -71.00878358285229,  (at simulation time 350.902,800,000 s)
2023-09-25 08:46:11,900 INFO  - ,Received V2X Message from ,rsu_1, InterVehicleMsg{,29, 2760,  41.625495625845225,  -71.00871956237185, Road CLOSED, }, Latitude= 41.625801716324325, Longitude= -71.00884368551384,  (at simulation time 351.004,800,000 s)
2023-09-25 08:46:11,901 INFO  - ,Received V2X Message from ,rsu_1, InterVehicleMsg{,29, 2761,  41.625495625845225,  -71.00871956237185, Road CLOSED, }, Latitude= 41.625801716324325, Longitude= -71.00884368551384,  (at simulation time 351.103,300,000 s)
2023-09-25 08:46:11,901 INFO  - ,Received V2X Message from ,rsu_1, InterVehicleMsg{,29, 2762,  41.625495625845225,  -71.00871956237185, Road CLOSED, }, Latitude= 41.625801716324325, Longitude= -71.00884368551384,  (at simulation time 351.202,800,000 s)
2023-09-25 08:46:11,901 INFO  - ,Received V2X Message from ,rsu_1, InterVehicleMsg{,29, 2763,  41.625495625845225,  -71.00871956237185, Road CLOSED, }, Latitude= 41.625801716324325, Longitude= -71.00884368551384,  (at simulation time 351.303,300,000 s)
2023-09-25 08:46:11,901 INFO  - ,Received V2X Message from ,rsu_1, InterVehicleMsg{,29, 2764,  41.625495625845225,  -71.00871956237185, Road CLOSED, }, Latitude= 41.625801716324325, Longitude= -71.00884368551384,  (at simulation time 351.403,300,000 s)
2023-09-25 08:46:11,901 INFO  - ,Received V2X Message from ,rsu_1, InterVehicleMsg{,29, 2765,  41.625495625845225,  -71.00871956237185, Road CLOSED, }, Latitude= 41.625801716324325, Longitude= -71.00884368551384,  (at simulation time 351.503,300,000 s)
2023-09-25 08:46:11,901 INFO  - ,Received V2X Message from ,rsu_1, InterVehicleMsg{,29, 2766,  41.625495625845225,  -71.00871956237185, Road CLOSED, }, Latitude= 41.625801716324325, Longitude= -71.00884368551384,  (at simulation time 351.600,800,000 s)
2023-09-25 08:46:11,901 INFO  - ,Received V2X Message from ,rsu_1, InterVehicleMsg{,29, 2767,  41.625495625845225,  -71.00871956237185, Road CLOSED, }, Latitude= 41.625801716324325, Longitude= -71.00884368551384,  (at simulation time 351.700,800,000 s)
2023-09-25 08:46:11,901 INFO  - ,Received V2X Message from ,rsu_1, InterVehicleMsg{,29, 2768,  41.625495625845225,  -71.00871956237185, Road CLOSED, }, Latitude= 41.625801716324325, Longitude= -71.00884368551384,  (at simulation time 351.804,300,000 s)
2023-09-25 08:46:11,901 INFO  - ,Received V2X Message from ,rsu_1, InterVehicleMsg{,29, 2769,  41.625495625845225,  -71.00871956237185, Road CLOSED, }, Latitude= 41.625801716324325, Longitude= -71.00884368551384,  (at simulation time 351.903,300,000 s)
2023-09-25 08:46:11,902 INFO  - ,Received V2X Message from ,rsu_1, InterVehicleMsg{,29, 2770,  41.625495625845225,  -71.00871956237185, Road CLOSED, }, Latitude= 41.625842208569544, Longitude= -71.00889435240863,  (at simulation time 352.004,300,000 s)
2023-09-25 08:46:11,902 INFO  - ,Received V2X Message from ,rsu_1, InterVehicleMsg{,29, 2771,  41.625495625845225,  -71.00871956237185, Road CLOSED, }, Latitude= 41.625842208569544, Longitude= -71.00889435240863,  (at simulation time 352.103,800,000 s)
2023-09-25 08:46:11,903 INFO  - ,Received V2X Message from ,rsu_1, InterVehicleMsg{,29, 2772,  41.625495625845225,  -71.00871956237185, Road CLOSED, }, Latitude= 41.625842208569544, Longitude= -71.00889435240863,  (at simulation time 352.203,800,000 s)
2023-09-25 08:46:11,903 INFO  - ,Received V2X Message from ,rsu_1, InterVehicleMsg{,29, 2773,  41.625495625845225,  -71.00871956237185, Road CLOSED, }, Latitude= 41.625842208569544, Longitude= -71.00889435240863,  (at simulation time 352.304,300,000 s)
2023-09-25 08:46:11,903 INFO  - ,Received V2X Message from ,rsu_1, InterVehicleMsg{,29, 2774,  41.625495625845225,  -71.00871956237185, Road CLOSED, }, Latitude= 41.625842208569544, Longitude= -71.00889435240863,  (at simulation time 352.401,300,000 s)
2023-09-25 08:46:11,903 INFO  - ,Received V2X Message from ,rsu_1, InterVehicleMsg{,29, 2775,  41.625495625845225,  -71.00871956237185, Road CLOSED, }, Latitude= 41.625842208569544, Longitude= -71.00889435240863,  (at simulation time 352.504,300,000 s)
2023-09-25 08:46:11,903 INFO  - ,Received V2X Message from ,rsu_1, InterVehicleMsg{,29, 2776,  41.625495625845225,  -71.00871956237185, Road CLOSED, }, Latitude= 41.625842208569544, Longitude= -71.00889435240863,  (at simulation time 352.602,300,000 s)
2023-09-25 08:46:11,903 INFO  - ,Received V2X Message from ,rsu_1, InterVehicleMsg{,29, 2777,  41.625495625845225,  -71.00871956237185, Road CLOSED, }, Latitude= 41.625842208569544, Longitude= -71.00889435240863,  (at simulation time 352.702,300,000 s)
2023-09-25 08:46:11,903 INFO  - ,Received V2X Message from ,rsu_1, InterVehicleMsg{,29, 2778,  41.625495625845225,  -71.00871956237185, Road CLOSED, }, Latitude= 41.625842208569544, Longitude= -71.00889435240863,  (at simulation time 352.803,800,000 s)
2023-09-25 08:46:11,903 INFO  - ,Received V2X Message from ,rsu_1, InterVehicleMsg{,29, 2779,  41.625495625845225,  -71.00871956237185, Road CLOSED, }, Latitude= 41.625842208569544, Longitude= -71.00889435240863,  (at simulation time 352.902,800,000 s)
2023-09-25 08:46:11,904 INFO  - ,Received V2X Message from ,rsu_1, InterVehicleMsg{,29, 2780,  41.625495625845225,  -71.00871956237185, Road CLOSED, }, Latitude= 41.625888276707656, Longitude= -71.00895180469485,  (at simulation time 353.001,800,000 s)
2023-09-25 08:46:11,904 INFO  - ,Received V2X Message from ,rsu_1, InterVehicleMsg{,29, 2781,  41.625495625845225,  -71.00871956237185, Road CLOSED, }, Latitude= 41.625888276707656, Longitude= -71.00895180469485,  (at simulation time 353.101,800,000 s)
2023-09-25 08:46:11,904 INFO  - ,Received V2X Message from ,rsu_1, InterVehicleMsg{,29, 2782,  41.625495625845225,  -71.00871956237185, Road CLOSED, }, Latitude= 41.625888276707656, Longitude= -71.00895180469485,  (at simulation time 353.203,300,000 s)
2023-09-25 08:46:11,905 INFO  - ,Received V2X Message from ,rsu_1, InterVehicleMsg{,29, 2783,  41.625495625845225,  -71.00871956237185, Road CLOSED, }, Latitude= 41.625888276707656, Longitude= -71.00895180469485,  (at simulation time 353.302,300,000 s)
2023-09-25 08:46:11,905 INFO  - ,Received V2X Message from ,rsu_1, InterVehicleMsg{,29, 2784,  41.625495625845225,  -71.00871956237185, Road CLOSED, }, Latitude= 41.625888276707656, Longitude= -71.00895180469485,  (at simulation time 353.402,300,000 s)
2023-09-25 08:46:11,905 INFO  - ,Received V2X Message from ,rsu_1, InterVehicleMsg{,29, 2785,  41.625495625845225,  -71.00871956237185, Road CLOSED, }, Latitude= 41.625888276707656, Longitude= -71.00895180469485,  (at simulation time 353.501,300,000 s)
2023-09-25 08:46:11,905 INFO  - ,Received V2X Message from ,rsu_1, InterVehicleMsg{,29, 2786,  41.625495625845225,  -71.00871956237185, Road CLOSED, }, Latitude= 41.625888276707656, Longitude= -71.00895180469485,  (at simulation time 353.603,300,000 s)
2023-09-25 08:46:11,905 INFO  - ,Received V2X Message from ,rsu_1, InterVehicleMsg{,29, 2787,  41.625495625845225,  -71.00871956237185, Road CLOSED, }, Latitude= 41.625888276707656, Longitude= -71.00895180469485,  (at simulation time 353.703,800,000 s)
2023-09-25 08:46:11,905 INFO  - ,Received V2X Message from ,rsu_1, InterVehicleMsg{,29, 2788,  41.625495625845225,  -71.00871956237185, Road CLOSED, }, Latitude= 41.625888276707656, Longitude= -71.00895180469485,  (at simulation time 353.802,300,000 s)
2023-09-25 08:46:11,905 INFO  - ,Received V2X Message from ,rsu_1, InterVehicleMsg{,29, 2789,  41.625495625845225,  -71.00871956237185, Road CLOSED, }, Latitude= 41.625888276707656, Longitude= -71.00895180469485,  (at simulation time 353.903,300,000 s)
2023-09-25 08:46:11,906 INFO  - ,Received V2X Message from ,rsu_1, InterVehicleMsg{,29, 2790,  41.625495625845225,  -71.00871956237185, Road CLOSED, }, Latitude= 41.62592674959656, Longitude= -71.00899651598985,  (at simulation time 354.003,300,000 s)
2023-09-25 08:46:11,906 INFO  - ,Received V2X Message from ,rsu_1, InterVehicleMsg{,29, 2791,  41.625495625845225,  -71.00871956237185, Road CLOSED, }, Latitude= 41.62592674959656, Longitude= -71.00899651598985,  (at simulation time 354.102,800,000 s)
2023-09-25 08:46:11,906 INFO  - ,Received V2X Message from ,rsu_1, InterVehicleMsg{,29, 2792,  41.625495625845225,  -71.00871956237185, Road CLOSED, }, Latitude= 41.62592674959656, Longitude= -71.00899651598985,  (at simulation time 354.202,800,000 s)
2023-09-25 08:46:11,907 INFO  - ,Received V2X Message from ,rsu_1, InterVehicleMsg{,29, 2793,  41.625495625845225,  -71.00871956237185, Road CLOSED, }, Latitude= 41.62592674959656, Longitude= -71.00899651598985,  (at simulation time 354.302,800,000 s)
2023-09-25 08:46:11,907 INFO  - ,Received V2X Message from ,rsu_1, InterVehicleMsg{,29, 2794,  41.625495625845225,  -71.00871956237185, Road CLOSED, }, Latitude= 41.62592674959656, Longitude= -71.00899651598985,  (at simulation time 354.401,300,000 s)
2023-09-25 08:46:11,907 INFO  - ,Received V2X Message from ,rsu_1, InterVehicleMsg{,29, 2795,  41.625495625845225,  -71.00871956237185, Road CLOSED, }, Latitude= 41.62592674959656, Longitude= -71.00899651598985,  (at simulation time 354.503,300,000 s)
2023-09-25 08:46:11,907 INFO  - ,Received V2X Message from ,rsu_1, InterVehicleMsg{,29, 2796,  41.625495625845225,  -71.00871956237185, Road CLOSED, }, Latitude= 41.62592674959656, Longitude= -71.00899651598985,  (at simulation time 354.603,300,000 s)
2023-09-25 08:46:11,907 INFO  - ,Received V2X Message from ,rsu_1, InterVehicleMsg{,29, 2797,  41.625495625845225,  -71.00871956237185, Road CLOSED, }, Latitude= 41.62592674959656, Longitude= -71.00899651598985,  (at simulation time 354.703,300,000 s)
2023-09-25 08:46:11,907 INFO  - ,Received V2X Message from ,rsu_1, InterVehicleMsg{,29, 2798,  41.625495625845225,  -71.00871956237185, Road CLOSED, }, Latitude= 41.62592674959656, Longitude= -71.00899651598985,  (at simulation time 354.802,800,000 s)
2023-09-25 08:46:11,907 INFO  - ,Received V2X Message from ,rsu_1, InterVehicleMsg{,29, 2799,  41.625495625845225,  -71.00871956237185, Road CLOSED, }, Latitude= 41.62592674959656, Longitude= -71.00899651598985,  (at simulation time 354.901,300,000 s)
2023-09-25 08:46:11,908 INFO  - ,Received V2X Message from ,rsu_1, InterVehicleMsg{,29, 2800,  41.625495625845225,  -71.00871956237185, Road CLOSED, }, Latitude= 41.625968380926395, Longitude= -71.00904487084223,  (at simulation time 355.002,800,000 s)
2023-09-25 08:46:11,908 INFO  - ,Received V2X Message from ,rsu_1, InterVehicleMsg{,29, 2801,  41.625495625845225,  -71.00871956237185, Road CLOSED, }, Latitude= 41.625968380926395, Longitude= -71.00904487084223,  (at simulation time 355.102,800,000 s)
2023-09-25 08:46:11,908 INFO  - ,Received V2X Message from ,rsu_1, InterVehicleMsg{,29, 2802,  41.625495625845225,  -71.00871956237185, Road CLOSED, }, Latitude= 41.625968380926395, Longitude= -71.00904487084223,  (at simulation time 355.203,300,000 s)
2023-09-25 08:46:11,909 INFO  - ,Received V2X Message from ,rsu_1, InterVehicleMsg{,29, 2803,  41.625495625845225,  -71.00871956237185, Road CLOSED, }, Latitude= 41.625968380926395, Longitude= -71.00904487084223,  (at simulation time 355.302,300,000 s)
2023-09-25 08:46:11,909 INFO  - ,Received V2X Message from ,rsu_1, InterVehicleMsg{,29, 2804,  41.625495625845225,  -71.00871956237185, Road CLOSED, }, Latitude= 41.625968380926395, Longitude= -71.00904487084223,  (at simulation time 355.400,800,000 s)
2023-09-25 08:46:11,909 INFO  - ,Received V2X Message from ,rsu_1, InterVehicleMsg{,29, 2805,  41.625495625845225,  -71.00871956237185, Road CLOSED, }, Latitude= 41.625968380926395, Longitude= -71.00904487084223,  (at simulation time 355.502,300,000 s)
2023-09-25 08:46:11,909 INFO  - ,Received V2X Message from ,rsu_1, InterVehicleMsg{,29, 2806,  41.625495625845225,  -71.00871956237185, Road CLOSED, }, Latitude= 41.625968380926395, Longitude= -71.00904487084223,  (at simulation time 355.602,300,000 s)
2023-09-25 08:46:11,909 INFO  - ,Received V2X Message from ,rsu_1, InterVehicleMsg{,29, 2807,  41.625495625845225,  -71.00871956237185, Road CLOSED, }, Latitude= 41.625968380926395, Longitude= -71.00904487084223,  (at simulation time 355.702,800,000 s)
2023-09-25 08:46:11,909 INFO  - ,Received V2X Message from ,rsu_1, InterVehicleMsg{,29, 2808,  41.625495625845225,  -71.00871956237185, Road CLOSED, }, Latitude= 41.625968380926395, Longitude= -71.00904487084223,  (at simulation time 355.804,300,000 s)
2023-09-25 08:46:11,909 INFO  - ,Received V2X Message from ,rsu_1, InterVehicleMsg{,29, 2809,  41.625495625845225,  -71.00871956237185, Road CLOSED, }, Latitude= 41.625968380926395, Longitude= -71.00904487084223,  (at simulation time 355.901,800,000 s)
2023-09-25 08:46:11,910 INFO  - ,Received V2X Message from ,rsu_1, InterVehicleMsg{,29, 2810,  41.625495625845225,  -71.00871956237185, Road CLOSED, }, Latitude= 41.62602198908538, Longitude= -71.00910711503164,  (at simulation time 356.004,800,000 s)
2023-09-25 08:46:11,910 INFO  - ,Received V2X Message from ,rsu_1, InterVehicleMsg{,29, 2811,  41.625495625845225,  -71.00871956237185, Road CLOSED, }, Latitude= 41.62602198908538, Longitude= -71.00910711503164,  (at simulation time 356.103,800,000 s)
2023-09-25 08:46:11,910 INFO  - ,Received V2X Message from ,rsu_1, InterVehicleMsg{,29, 2812,  41.625495625845225,  -71.00871956237185, Road CLOSED, }, Latitude= 41.62602198908538, Longitude= -71.00910711503164,  (at simulation time 356.202,800,000 s)
2023-09-25 08:46:11,910 INFO  - ,Received V2X Message from ,rsu_1, InterVehicleMsg{,29, 2813,  41.625495625845225,  -71.00871956237185, Road CLOSED, }, Latitude= 41.62602198908538, Longitude= -71.00910711503164,  (at simulation time 356.300,800,000 s)
2023-09-25 08:46:11,910 INFO  - ,Received V2X Message from ,rsu_1, InterVehicleMsg{,29, 2814,  41.625495625845225,  -71.00871956237185, Road CLOSED, }, Latitude= 41.62602198908538, Longitude= -71.00910711503164,  (at simulation time 356.403,800,000 s)
2023-09-25 08:46:11,911 INFO  - ,Received V2X Message from ,rsu_1, InterVehicleMsg{,29, 2815,  41.625495625845225,  -71.00871956237185, Road CLOSED, }, Latitude= 41.62602198908538, Longitude= -71.00910711503164,  (at simulation time 356.504,300,000 s)
2023-09-25 08:46:11,911 INFO  - ,Received V2X Message from ,rsu_1, InterVehicleMsg{,29, 2816,  41.625495625845225,  -71.00871956237185, Road CLOSED, }, Latitude= 41.62602198908538, Longitude= -71.00910711503164,  (at simulation time 356.604,300,000 s)
2023-09-25 08:46:11,911 INFO  - ,Received V2X Message from ,rsu_1, InterVehicleMsg{,29, 2817,  41.625495625845225,  -71.00871956237185, Road CLOSED, }, Latitude= 41.62602198908538, Longitude= -71.00910711503164,  (at simulation time 356.704,300,000 s)
2023-09-25 08:46:11,911 INFO  - ,Received V2X Message from ,rsu_1, InterVehicleMsg{,29, 2818,  41.625495625845225,  -71.00871956237185, Road CLOSED, }, Latitude= 41.62602198908538, Longitude= -71.00910711503164,  (at simulation time 356.801,800,000 s)
2023-09-25 08:46:11,911 INFO  - ,Received V2X Message from ,rsu_1, InterVehicleMsg{,29, 2819,  41.625495625845225,  -71.00871956237185, Road CLOSED, }, Latitude= 41.62602198908538, Longitude= -71.00910711503164,  (at simulation time 356.903,800,000 s)
2023-09-25 08:46:11,912 INFO  - ,Received V2X Message from ,rsu_1, InterVehicleMsg{,29, 2820,  41.625495625845225,  -71.00871956237185, Road CLOSED, }, Latitude= 41.626064732735614, Longitude= -71.00915674459397,  (at simulation time 357.002,300,000 s)
2023-09-25 08:46:11,912 INFO  - ,Received V2X Message from ,rsu_1, InterVehicleMsg{,29, 2821,  41.625495625845225,  -71.00871956237185, Road CLOSED, }, Latitude= 41.626064732735614, Longitude= -71.00915674459397,  (at simulation time 357.102,800,000 s)
2023-09-25 08:46:11,912 INFO  - ,Received V2X Message from ,rsu_1, InterVehicleMsg{,29, 2822,  41.625495625845225,  -71.00871956237185, Road CLOSED, }, Latitude= 41.626064732735614, Longitude= -71.00915674459397,  (at simulation time 357.203,800,000 s)
2023-09-25 08:46:11,912 INFO  - ,Received V2X Message from ,rsu_1, InterVehicleMsg{,29, 2823,  41.625495625845225,  -71.00871956237185, Road CLOSED, }, Latitude= 41.626064732735614, Longitude= -71.00915674459397,  (at simulation time 357.301,300,000 s)
2023-09-25 08:46:11,912 INFO  - ,Received V2X Message from ,rsu_1, InterVehicleMsg{,29, 2824,  41.625495625845225,  -71.00871956237185, Road CLOSED, }, Latitude= 41.626064732735614, Longitude= -71.00915674459397,  (at simulation time 357.403,800,000 s)
2023-09-25 08:46:11,912 INFO  - ,Received V2X Message from ,rsu_1, InterVehicleMsg{,29, 2825,  41.625495625845225,  -71.00871956237185, Road CLOSED, }, Latitude= 41.626064732735614, Longitude= -71.00915674459397,  (at simulation time 357.502,800,000 s)
2023-09-25 08:46:11,912 INFO  - ,Received V2X Message from ,rsu_1, InterVehicleMsg{,29, 2826,  41.625495625845225,  -71.00871956237185, Road CLOSED, }, Latitude= 41.626064732735614, Longitude= -71.00915674459397,  (at simulation time 357.602,800,000 s)
2023-09-25 08:46:11,912 INFO  - ,Received V2X Message from ,rsu_1, InterVehicleMsg{,29, 2827,  41.625495625845225,  -71.00871956237185, Road CLOSED, }, Latitude= 41.626064732735614, Longitude= -71.00915674459397,  (at simulation time 357.701,300,000 s)
2023-09-25 08:46:11,912 INFO  - ,Received V2X Message from ,rsu_1, InterVehicleMsg{,29, 2828,  41.625495625845225,  -71.00871956237185, Road CLOSED, }, Latitude= 41.626064732735614, Longitude= -71.00915674459397,  (at simulation time 357.802,300,000 s)
2023-09-25 08:46:11,913 INFO  - ,Received V2X Message from ,rsu_1, InterVehicleMsg{,29, 2829,  41.625495625845225,  -71.00871956237185, Road CLOSED, }, Latitude= 41.626064732735614, Longitude= -71.00915674459397,  (at simulation time 357.902,300,000 s)
2023-09-25 08:46:11,914 INFO  - ,Received V2X Message from ,rsu_1, InterVehicleMsg{,29, 2830,  41.625495625845225,  -71.00871956237185, Road CLOSED, }, Latitude= 41.62611407719661, Longitude= -71.00921192953,  (at simulation time 358.002,300,000 s)
2023-09-25 08:46:11,914 INFO  - ,Received V2X Message from ,rsu_1, InterVehicleMsg{,29, 2831,  41.625495625845225,  -71.00871956237185, Road CLOSED, }, Latitude= 41.62611407719661, Longitude= -71.00921192953,  (at simulation time 358.103,300,000 s)
2023-09-25 08:46:11,914 INFO  - ,Received V2X Message from ,rsu_1, InterVehicleMsg{,29, 2832,  41.625495625845225,  -71.00871956237185, Road CLOSED, }, Latitude= 41.62611407719661, Longitude= -71.00921192953,  (at simulation time 358.201,800,000 s)
2023-09-25 08:46:11,914 INFO  - ,Received V2X Message from ,rsu_1, InterVehicleMsg{,29, 2833,  41.625495625845225,  -71.00871956237185, Road CLOSED, }, Latitude= 41.62611407719661, Longitude= -71.00921192953,  (at simulation time 358.302,300,000 s)
2023-09-25 08:46:11,914 INFO  - ,Received V2X Message from ,rsu_1, InterVehicleMsg{,29, 2834,  41.625495625845225,  -71.00871956237185, Road CLOSED, }, Latitude= 41.62611407719661, Longitude= -71.00921192953,  (at simulation time 358.403,800,000 s)
2023-09-25 08:46:11,914 INFO  - ,Received V2X Message from ,rsu_1, InterVehicleMsg{,29, 2835,  41.625495625845225,  -71.00871956237185, Road CLOSED, }, Latitude= 41.62611407719661, Longitude= -71.00921192953,  (at simulation time 358.501,800,000 s)
2023-09-25 08:46:11,914 INFO  - ,Received V2X Message from ,rsu_1, InterVehicleMsg{,29, 2836,  41.625495625845225,  -71.00871956237185, Road CLOSED, }, Latitude= 41.62611407719661, Longitude= -71.00921192953,  (at simulation time 358.604,800,000 s)
2023-09-25 08:46:11,915 INFO  - ,Received V2X Message from ,rsu_1, InterVehicleMsg{,29, 2837,  41.625495625845225,  -71.00871956237185, Road CLOSED, }, Latitude= 41.62611407719661, Longitude= -71.00921192953,  (at simulation time 358.704,800,000 s)
2023-09-25 08:46:11,915 INFO  - ,Received V2X Message from ,rsu_1, InterVehicleMsg{,29, 2838,  41.625495625845225,  -71.00871956237185, Road CLOSED, }, Latitude= 41.62611407719661, Longitude= -71.00921192953,  (at simulation time 358.802,800,000 s)
2023-09-25 08:46:11,915 INFO  - ,Received V2X Message from ,rsu_1, InterVehicleMsg{,29, 2839,  41.625495625845225,  -71.00871956237185, Road CLOSED, }, Latitude= 41.62611407719661, Longitude= -71.00921192953,  (at simulation time 358.903,800,000 s)
2023-09-25 08:46:11,916 INFO  - ,Received V2X Message from ,rsu_1, InterVehicleMsg{,29, 2840,  41.625495625845225,  -71.00871956237185, Road CLOSED, }, Latitude= 41.626163255273994, Longitude= -71.00926496952009,  (at simulation time 359.002,800,000 s)
2023-09-25 08:46:11,917 INFO  - ,Received V2X Message from ,rsu_1, InterVehicleMsg{,29, 2841,  41.625495625845225,  -71.00871956237185, Road CLOSED, }, Latitude= 41.626163255273994, Longitude= -71.00926496952009,  (at simulation time 359.101,300,000 s)
2023-09-25 08:46:11,917 INFO  - ,Received V2X Message from ,rsu_1, InterVehicleMsg{,29, 2842,  41.625495625845225,  -71.00871956237185, Road CLOSED, }, Latitude= 41.626163255273994, Longitude= -71.00926496952009,  (at simulation time 359.203,800,000 s)
2023-09-25 08:46:11,917 INFO  - ,Received V2X Message from ,rsu_1, InterVehicleMsg{,29, 2843,  41.625495625845225,  -71.00871956237185, Road CLOSED, }, Latitude= 41.626163255273994, Longitude= -71.00926496952009,  (at simulation time 359.303,300,000 s)
2023-09-25 08:46:11,917 INFO  - ,Received V2X Message from ,rsu_1, InterVehicleMsg{,29, 2844,  41.625495625845225,  -71.00871956237185, Road CLOSED, }, Latitude= 41.626163255273994, Longitude= -71.00926496952009,  (at simulation time 359.401,300,000 s)
2023-09-25 08:46:11,917 INFO  - ,Received V2X Message from ,rsu_1, InterVehicleMsg{,29, 2845,  41.625495625845225,  -71.00871956237185, Road CLOSED, }, Latitude= 41.626163255273994, Longitude= -71.00926496952009,  (at simulation time 359.501,800,000 s)
2023-09-25 08:46:11,917 INFO  - ,Received V2X Message from ,rsu_1, InterVehicleMsg{,29, 2846,  41.625495625845225,  -71.00871956237185, Road CLOSED, }, Latitude= 41.626163255273994, Longitude= -71.00926496952009,  (at simulation time 359.602,300,000 s)
2023-09-25 08:46:11,918 INFO  - ,Received V2X Message from ,rsu_1, InterVehicleMsg{,29, 2847,  41.625495625845225,  -71.00871956237185, Road CLOSED, }, Latitude= 41.626163255273994, Longitude= -71.00926496952009,  (at simulation time 359.702,800,000 s)
2023-09-25 08:46:11,918 INFO  - ,Received V2X Message from ,rsu_1, InterVehicleMsg{,29, 2848,  41.625495625845225,  -71.00871956237185, Road CLOSED, }, Latitude= 41.626163255273994, Longitude= -71.00926496952009,  (at simulation time 359.803,300,000 s)
2023-09-25 08:46:11,918 INFO  - ,Received V2X Message from ,rsu_1, InterVehicleMsg{,29, 2849,  41.625495625845225,  -71.00871956237185, Road CLOSED, }, Latitude= 41.626163255273994, Longitude= -71.00926496952009,  (at simulation time 359.902,300,000 s)
2023-09-25 08:46:11,920 INFO  - ,Received V2X Message from ,rsu_1, InterVehicleMsg{,29, 2850,  41.625495625845225,  -71.00871956237185, Road CLOSED, }, Latitude= 41.62621156816237, Longitude= -71.00931707648566,  (at simulation time 360.001,800,000 s)
2023-09-25 08:46:11,920 INFO  - ,Received V2X Message from ,rsu_1, InterVehicleMsg{,29, 2851,  41.625495625845225,  -71.00871956237185, Road CLOSED, }, Latitude= 41.62621156816237, Longitude= -71.00931707648566,  (at simulation time 360.103,300,000 s)
2023-09-25 08:46:11,920 INFO  - ,Received V2X Message from ,rsu_1, InterVehicleMsg{,29, 2852,  41.625495625845225,  -71.00871956237185, Road CLOSED, }, Latitude= 41.62621156816237, Longitude= -71.00931707648566,  (at simulation time 360.203,800,000 s)
2023-09-25 08:46:11,920 INFO  - ,Received V2X Message from ,rsu_1, InterVehicleMsg{,29, 2853,  41.625495625845225,  -71.00871956237185, Road CLOSED, }, Latitude= 41.62621156816237, Longitude= -71.00931707648566,  (at simulation time 360.301,800,000 s)
2023-09-25 08:46:11,920 INFO  - ,Received V2X Message from ,rsu_1, InterVehicleMsg{,29, 2854,  41.625495625845225,  -71.00871956237185, Road CLOSED, }, Latitude= 41.62621156816237, Longitude= -71.00931707648566,  (at simulation time 360.403,800,000 s)
2023-09-25 08:46:11,920 INFO  - ,Received V2X Message from ,rsu_1, InterVehicleMsg{,29, 2855,  41.625495625845225,  -71.00871956237185, Road CLOSED, }, Latitude= 41.62621156816237, Longitude= -71.00931707648566,  (at simulation time 360.501,300,000 s)
2023-09-25 08:46:11,920 INFO  - ,Received V2X Message from ,rsu_1, InterVehicleMsg{,29, 2856,  41.625495625845225,  -71.00871956237185, Road CLOSED, }, Latitude= 41.62621156816237, Longitude= -71.00931707648566,  (at simulation time 360.602,800,000 s)
2023-09-25 08:46:11,920 INFO  - ,Received V2X Message from ,rsu_1, InterVehicleMsg{,29, 2857,  41.625495625845225,  -71.00871956237185, Road CLOSED, }, Latitude= 41.62621156816237, Longitude= -71.00931707648566,  (at simulation time 360.703,800,000 s)
2023-09-25 08:46:11,920 INFO  - ,Received V2X Message from ,rsu_1, InterVehicleMsg{,29, 2858,  41.625495625845225,  -71.00871956237185, Road CLOSED, }, Latitude= 41.62621156816237, Longitude= -71.00931707648566,  (at simulation time 360.803,300,000 s)
2023-09-25 08:46:11,921 INFO  - ,Received V2X Message from ,rsu_1, InterVehicleMsg{,29, 2859,  41.625495625845225,  -71.00871956237185, Road CLOSED, }, Latitude= 41.62621156816237, Longitude= -71.00931707648566,  (at simulation time 360.902,800,000 s)
2023-09-25 08:46:11,921 INFO  - ,Received V2X Message from ,rsu_1, InterVehicleMsg{,29, 2860,  41.625495625845225,  -71.00871956237185, Road CLOSED, }, Latitude= 41.626253404715435, Longitude= -71.00936219860621,  (at simulation time 361.003,300,000 s)
2023-09-25 08:46:11,922 INFO  - ,Received V2X Message from ,rsu_1, InterVehicleMsg{,29, 2861,  41.625495625845225,  -71.00871956237185, Road CLOSED, }, Latitude= 41.626253404715435, Longitude= -71.00936219860621,  (at simulation time 361.101,300,000 s)
2023-09-25 08:46:11,922 INFO  - ,Received V2X Message from ,rsu_1, InterVehicleMsg{,29, 2862,  41.625495625845225,  -71.00871956237185, Road CLOSED, }, Latitude= 41.626253404715435, Longitude= -71.00936219860621,  (at simulation time 361.201,800,000 s)
2023-09-25 08:46:11,922 INFO  - ,Received V2X Message from ,rsu_1, InterVehicleMsg{,29, 2863,  41.625495625845225,  -71.00871956237185, Road CLOSED, }, Latitude= 41.626253404715435, Longitude= -71.00936219860621,  (at simulation time 361.301,800,000 s)
2023-09-25 08:46:11,922 INFO  - ,Received V2X Message from ,rsu_1, InterVehicleMsg{,29, 2864,  41.625495625845225,  -71.00871956237185, Road CLOSED, }, Latitude= 41.626253404715435, Longitude= -71.00936219860621,  (at simulation time 361.401,800,000 s)
2023-09-25 08:46:11,922 INFO  - ,Received V2X Message from ,rsu_1, InterVehicleMsg{,29, 2865,  41.625495625845225,  -71.00871956237185, Road CLOSED, }, Latitude= 41.626253404715435, Longitude= -71.00936219860621,  (at simulation time 361.501,800,000 s)
2023-09-25 08:46:11,922 INFO  - ,Received V2X Message from ,rsu_1, InterVehicleMsg{,29, 2866,  41.625495625845225,  -71.00871956237185, Road CLOSED, }, Latitude= 41.626253404715435, Longitude= -71.00936219860621,  (at simulation time 361.603,800,000 s)
2023-09-25 08:46:11,922 INFO  - ,Received V2X Message from ,rsu_1, InterVehicleMsg{,29, 2867,  41.625495625845225,  -71.00871956237185, Road CLOSED, }, Latitude= 41.626253404715435, Longitude= -71.00936219860621,  (at simulation time 361.703,300,000 s)
2023-09-25 08:46:11,922 INFO  - ,Received V2X Message from ,rsu_1, InterVehicleMsg{,29, 2868,  41.625495625845225,  -71.00871956237185, Road CLOSED, }, Latitude= 41.626253404715435, Longitude= -71.00936219860621,  (at simulation time 361.802,800,000 s)
2023-09-25 08:46:11,922 INFO  - ,Received V2X Message from ,rsu_1, InterVehicleMsg{,29, 2869,  41.625495625845225,  -71.00871956237185, Road CLOSED, }, Latitude= 41.626253404715435, Longitude= -71.00936219860621,  (at simulation time 361.903,300,000 s)
2023-09-25 08:46:11,923 INFO  - ,Received V2X Message from ,rsu_1, InterVehicleMsg{,29, 2870,  41.625495625845225,  -71.00871956237185, Road CLOSED, }, Latitude= 41.626302382693936, Longitude= -71.00941461577898,  (at simulation time 362.003,800,000 s)
2023-09-25 08:46:11,923 INFO  - ,Received V2X Message from ,rsu_1, InterVehicleMsg{,29, 2871,  41.625495625845225,  -71.00871956237185, Road CLOSED, }, Latitude= 41.626302382693936, Longitude= -71.00941461577898,  (at simulation time 362.102,300,000 s)
2023-09-25 08:46:11,924 INFO  - ,Received V2X Message from ,rsu_1, InterVehicleMsg{,29, 2872,  41.625495625845225,  -71.00871956237185, Road CLOSED, }, Latitude= 41.626302382693936, Longitude= -71.00941461577898,  (at simulation time 362.201,300,000 s)
2023-09-25 08:46:11,924 INFO  - ,Received V2X Message from ,rsu_1, InterVehicleMsg{,29, 2873,  41.625495625845225,  -71.00871956237185, Road CLOSED, }, Latitude= 41.626302382693936, Longitude= -71.00941461577898,  (at simulation time 362.302,300,000 s)
2023-09-25 08:46:11,924 INFO  - ,Received V2X Message from ,rsu_1, InterVehicleMsg{,29, 2874,  41.625495625845225,  -71.00871956237185, Road CLOSED, }, Latitude= 41.626302382693936, Longitude= -71.00941461577898,  (at simulation time 362.402,300,000 s)
2023-09-25 08:46:11,924 INFO  - ,Received V2X Message from ,rsu_1, InterVehicleMsg{,29, 2875,  41.625495625845225,  -71.00871956237185, Road CLOSED, }, Latitude= 41.626302382693936, Longitude= -71.00941461577898,  (at simulation time 362.504,300,000 s)
2023-09-25 08:46:11,924 INFO  - ,Received V2X Message from ,rsu_1, InterVehicleMsg{,29, 2876,  41.625495625845225,  -71.00871956237185, Road CLOSED, }, Latitude= 41.626302382693936, Longitude= -71.00941461577898,  (at simulation time 362.603,800,000 s)
2023-09-25 08:46:11,924 INFO  - ,Received V2X Message from ,rsu_1, InterVehicleMsg{,29, 2877,  41.625495625845225,  -71.00871956237185, Road CLOSED, }, Latitude= 41.626302382693936, Longitude= -71.00941461577898,  (at simulation time 362.701,800,000 s)
2023-09-25 08:46:11,924 INFO  - ,Received V2X Message from ,rsu_1, InterVehicleMsg{,29, 2878,  41.625495625845225,  -71.00871956237185, Road CLOSED, }, Latitude= 41.626302382693936, Longitude= -71.00941461577898,  (at simulation time 362.804,300,000 s)
2023-09-25 08:46:11,924 INFO  - ,Received V2X Message from ,rsu_1, InterVehicleMsg{,29, 2879,  41.625495625845225,  -71.00871956237185, Road CLOSED, }, Latitude= 41.626302382693936, Longitude= -71.00941461577898,  (at simulation time 362.902,800,000 s)
2023-09-25 08:46:11,925 INFO  - ,Received V2X Message from ,rsu_1, InterVehicleMsg{,29, 2880,  41.625495625845225,  -71.00871956237185, Road CLOSED, }, Latitude= 41.62635341141428, Longitude= -71.00946553433498,  (at simulation time 363.000,800,000 s)
2023-09-25 08:46:11,925 INFO  - ,Received V2X Message from ,rsu_1, InterVehicleMsg{,29, 2881,  41.625495625845225,  -71.00871956237185, Road CLOSED, }, Latitude= 41.62635341141428, Longitude= -71.00946553433498,  (at simulation time 363.102,800,000 s)
2023-09-25 08:46:11,925 INFO  - ,Received V2X Message from ,rsu_1, InterVehicleMsg{,29, 2882,  41.625495625845225,  -71.00871956237185, Road CLOSED, }, Latitude= 41.62635341141428, Longitude= -71.00946553433498,  (at simulation time 363.204,800,000 s)
2023-09-25 08:46:11,925 INFO  - ,Received V2X Message from ,rsu_1, InterVehicleMsg{,29, 2883,  41.625495625845225,  -71.00871956237185, Road CLOSED, }, Latitude= 41.62635341141428, Longitude= -71.00946553433498,  (at simulation time 363.303,800,000 s)
2023-09-25 08:46:11,925 INFO  - ,Received V2X Message from ,rsu_1, InterVehicleMsg{,29, 2884,  41.625495625845225,  -71.00871956237185, Road CLOSED, }, Latitude= 41.62635341141428, Longitude= -71.00946553433498,  (at simulation time 363.401,800,000 s)
2023-09-25 08:46:11,926 INFO  - ,Received V2X Message from ,rsu_1, InterVehicleMsg{,29, 2885,  41.625495625845225,  -71.00871956237185, Road CLOSED, }, Latitude= 41.62635341141428, Longitude= -71.00946553433498,  (at simulation time 363.503,800,000 s)
2023-09-25 08:46:11,926 INFO  - ,Received V2X Message from ,rsu_1, InterVehicleMsg{,29, 2886,  41.625495625845225,  -71.00871956237185, Road CLOSED, }, Latitude= 41.62635341141428, Longitude= -71.00946553433498,  (at simulation time 363.604,300,000 s)
2023-09-25 08:46:11,926 INFO  - ,Received V2X Message from ,rsu_1, InterVehicleMsg{,29, 2887,  41.625495625845225,  -71.00871956237185, Road CLOSED, }, Latitude= 41.62635341141428, Longitude= -71.00946553433498,  (at simulation time 363.702,300,000 s)
2023-09-25 08:46:11,926 INFO  - ,Received V2X Message from ,rsu_1, InterVehicleMsg{,29, 2888,  41.625495625845225,  -71.00871956237185, Road CLOSED, }, Latitude= 41.62635341141428, Longitude= -71.00946553433498,  (at simulation time 363.802,800,000 s)
2023-09-25 08:46:11,926 INFO  - ,Received V2X Message from ,rsu_1, InterVehicleMsg{,29, 2889,  41.625495625845225,  -71.00871956237185, Road CLOSED, }, Latitude= 41.62635341141428, Longitude= -71.00946553433498,  (at simulation time 363.902,800,000 s)
2023-09-25 08:46:11,927 INFO  - ,Received V2X Message from ,rsu_1, InterVehicleMsg{,29, 2890,  41.625495625845225,  -71.00871956237185, Road CLOSED, }, Latitude= 41.62640195361076, Longitude= -71.00951408066291,  (at simulation time 364.001,300,000 s)
2023-09-25 08:46:11,927 INFO  - ,Received V2X Message from ,rsu_1, InterVehicleMsg{,29, 2891,  41.625495625845225,  -71.00871956237185, Road CLOSED, }, Latitude= 41.62640195361076, Longitude= -71.00951408066291,  (at simulation time 364.101,300,000 s)
2023-09-25 08:46:11,927 INFO  - ,Received V2X Message from ,rsu_1, InterVehicleMsg{,29, 2892,  41.625495625845225,  -71.00871956237185, Road CLOSED, }, Latitude= 41.62640195361076, Longitude= -71.00951408066291,  (at simulation time 364.201,300,000 s)
2023-09-25 08:46:11,927 INFO  - ,Received V2X Message from ,rsu_1, InterVehicleMsg{,29, 2893,  41.625495625845225,  -71.00871956237185, Road CLOSED, }, Latitude= 41.62640195361076, Longitude= -71.00951408066291,  (at simulation time 364.302,300,000 s)
2023-09-25 08:46:11,927 INFO  - ,Received V2X Message from ,rsu_1, InterVehicleMsg{,29, 2894,  41.625495625845225,  -71.00871956237185, Road CLOSED, }, Latitude= 41.62640195361076, Longitude= -71.00951408066291,  (at simulation time 364.404,300,000 s)
2023-09-25 08:46:11,927 INFO  - ,Received V2X Message from ,rsu_1, InterVehicleMsg{,29, 2895,  41.625495625845225,  -71.00871956237185, Road CLOSED, }, Latitude= 41.62640195361076, Longitude= -71.00951408066291,  (at simulation time 364.503,800,000 s)
2023-09-25 08:46:11,928 INFO  - ,Received V2X Message from ,rsu_1, InterVehicleMsg{,29, 2896,  41.625495625845225,  -71.00871956237185, Road CLOSED, }, Latitude= 41.62640195361076, Longitude= -71.00951408066291,  (at simulation time 364.603,300,000 s)
2023-09-25 08:46:11,928 INFO  - ,Received V2X Message from ,rsu_1, InterVehicleMsg{,29, 2897,  41.625495625845225,  -71.00871956237185, Road CLOSED, }, Latitude= 41.62640195361076, Longitude= -71.00951408066291,  (at simulation time 364.704,300,000 s)
2023-09-25 08:46:11,928 INFO  - ,Received V2X Message from ,rsu_1, InterVehicleMsg{,29, 2898,  41.625495625845225,  -71.00871956237185, Road CLOSED, }, Latitude= 41.62640195361076, Longitude= -71.00951408066291,  (at simulation time 364.801,800,000 s)
2023-09-25 08:46:11,928 INFO  - ,Received V2X Message from ,rsu_1, InterVehicleMsg{,29, 2899,  41.625495625845225,  -71.00871956237185, Road CLOSED, }, Latitude= 41.62640195361076, Longitude= -71.00951408066291,  (at simulation time 364.901,300,000 s)
2023-09-25 08:46:11,929 INFO  - ,Received V2X Message from ,rsu_1, InterVehicleMsg{,29, 2900,  41.625495625845225,  -71.00871956237185, Road CLOSED, }, Latitude= 41.626448858863085, Longitude= -71.00956105861357,  (at simulation time 365.004,800,000 s)
2023-09-25 08:46:11,929 INFO  - ,Received V2X Message from ,rsu_1, InterVehicleMsg{,29, 2901,  41.625495625845225,  -71.00871956237185, Road CLOSED, }, Latitude= 41.626448858863085, Longitude= -71.00956105861357,  (at simulation time 365.102,300,000 s)
2023-09-25 08:46:11,929 INFO  - ,Received V2X Message from ,rsu_1, InterVehicleMsg{,29, 2902,  41.625495625845225,  -71.00871956237185, Road CLOSED, }, Latitude= 41.626448858863085, Longitude= -71.00956105861357,  (at simulation time 365.204,300,000 s)
2023-09-25 08:46:11,930 INFO  - ,Received V2X Message from ,rsu_1, InterVehicleMsg{,29, 2903,  41.625495625845225,  -71.00871956237185, Road CLOSED, }, Latitude= 41.626448858863085, Longitude= -71.00956105861357,  (at simulation time 365.301,300,000 s)
2023-09-25 08:46:11,930 INFO  - ,Received V2X Message from ,rsu_1, InterVehicleMsg{,29, 2904,  41.625495625845225,  -71.00871956237185, Road CLOSED, }, Latitude= 41.626448858863085, Longitude= -71.00956105861357,  (at simulation time 365.403,800,000 s)
2023-09-25 08:46:11,930 INFO  - ,Received V2X Message from ,rsu_1, InterVehicleMsg{,29, 2905,  41.625495625845225,  -71.00871956237185, Road CLOSED, }, Latitude= 41.626448858863085, Longitude= -71.00956105861357,  (at simulation time 365.503,800,000 s)
2023-09-25 08:46:11,930 INFO  - ,Received V2X Message from ,rsu_1, InterVehicleMsg{,29, 2906,  41.625495625845225,  -71.00871956237185, Road CLOSED, }, Latitude= 41.626448858863085, Longitude= -71.00956105861357,  (at simulation time 365.601,800,000 s)
2023-09-25 08:46:11,930 INFO  - ,Received V2X Message from ,rsu_1, InterVehicleMsg{,29, 2907,  41.625495625845225,  -71.00871956237185, Road CLOSED, }, Latitude= 41.626448858863085, Longitude= -71.00956105861357,  (at simulation time 365.702,300,000 s)
2023-09-25 08:46:11,930 INFO  - ,Received V2X Message from ,rsu_1, InterVehicleMsg{,29, 2908,  41.625495625845225,  -71.00871956237185, Road CLOSED, }, Latitude= 41.626448858863085, Longitude= -71.00956105861357,  (at simulation time 365.804,800,000 s)
2023-09-25 08:46:11,930 INFO  - ,Received V2X Message from ,rsu_1, InterVehicleMsg{,29, 2909,  41.625495625845225,  -71.00871956237185, Road CLOSED, }, Latitude= 41.626448858863085, Longitude= -71.00956105861357,  (at simulation time 365.903,300,000 s)
2023-09-25 08:46:11,931 INFO  - ,Received V2X Message from ,rsu_1, InterVehicleMsg{,29, 2910,  41.625495625845225,  -71.00871956237185, Road CLOSED, }, Latitude= 41.62649917171706, Longitude= -71.00961132916872,  (at simulation time 366.001,300,000 s)
2023-09-25 08:46:11,931 INFO  - ,Received V2X Message from ,rsu_1, InterVehicleMsg{,29, 2911,  41.625495625845225,  -71.00871956237185, Road CLOSED, }, Latitude= 41.62649917171706, Longitude= -71.00961132916872,  (at simulation time 366.102,800,000 s)
2023-09-25 08:46:11,931 INFO  - ,Received V2X Message from ,rsu_1, InterVehicleMsg{,29, 2912,  41.625495625845225,  -71.00871956237185, Road CLOSED, }, Latitude= 41.62649917171706, Longitude= -71.00961132916872,  (at simulation time 366.201,800,000 s)
2023-09-25 08:46:11,931 INFO  - ,Received V2X Message from ,rsu_1, InterVehicleMsg{,29, 2913,  41.625495625845225,  -71.00871956237185, Road CLOSED, }, Latitude= 41.62649917171706, Longitude= -71.00961132916872,  (at simulation time 366.303,800,000 s)
2023-09-25 08:46:11,931 INFO  - ,Received V2X Message from ,rsu_1, InterVehicleMsg{,29, 2914,  41.625495625845225,  -71.00871956237185, Road CLOSED, }, Latitude= 41.62649917171706, Longitude= -71.00961132916872,  (at simulation time 366.402,300,000 s)
2023-09-25 08:46:11,931 INFO  - ,Received V2X Message from ,rsu_1, InterVehicleMsg{,29, 2915,  41.625495625845225,  -71.00871956237185, Road CLOSED, }, Latitude= 41.62649917171706, Longitude= -71.00961132916872,  (at simulation time 366.502,800,000 s)
2023-09-25 08:46:11,932 INFO  - ,Received V2X Message from ,rsu_1, InterVehicleMsg{,29, 2916,  41.625495625845225,  -71.00871956237185, Road CLOSED, }, Latitude= 41.62649917171706, Longitude= -71.00961132916872,  (at simulation time 366.604,300,000 s)
2023-09-25 08:46:11,932 INFO  - ,Received V2X Message from ,rsu_1, InterVehicleMsg{,29, 2917,  41.625495625845225,  -71.00871956237185, Road CLOSED, }, Latitude= 41.62649917171706, Longitude= -71.00961132916872,  (at simulation time 366.701,800,000 s)
2023-09-25 08:46:11,932 INFO  - ,Received V2X Message from ,rsu_1, InterVehicleMsg{,29, 2918,  41.625495625845225,  -71.00871956237185, Road CLOSED, }, Latitude= 41.62649917171706, Longitude= -71.00961132916872,  (at simulation time 366.803,300,000 s)
2023-09-25 08:46:11,932 INFO  - ,Received V2X Message from ,rsu_1, InterVehicleMsg{,29, 2919,  41.625495625845225,  -71.00871956237185, Road CLOSED, }, Latitude= 41.62649917171706, Longitude= -71.00961132916872,  (at simulation time 366.902,300,000 s)
2023-09-25 08:46:11,933 INFO  - ,Received V2X Message from ,rsu_1, InterVehicleMsg{,29, 2920,  41.625495625845225,  -71.00871956237185, Road CLOSED, }, Latitude= 41.62654594497846, Longitude= -71.00965555472136,  (at simulation time 367.002,800,000 s)
2023-09-25 08:46:11,933 INFO  - ,Received V2X Message from ,rsu_1, InterVehicleMsg{,29, 2921,  41.625495625845225,  -71.00871956237185, Road CLOSED, }, Latitude= 41.62654594497846, Longitude= -71.00965555472136,  (at simulation time 367.102,300,000 s)
2023-09-25 08:46:11,933 INFO  - ,Received V2X Message from ,rsu_1, InterVehicleMsg{,29, 2922,  41.625495625845225,  -71.00871956237185, Road CLOSED, }, Latitude= 41.62654594497846, Longitude= -71.00965555472136,  (at simulation time 367.202,300,000 s)
2023-09-25 08:46:11,933 INFO  - ,Received V2X Message from ,rsu_1, InterVehicleMsg{,29, 2923,  41.625495625845225,  -71.00871956237185, Road CLOSED, }, Latitude= 41.62654594497846, Longitude= -71.00965555472136,  (at simulation time 367.302,800,000 s)
2023-09-25 08:46:11,934 INFO  - ,Received V2X Message from ,rsu_1, InterVehicleMsg{,29, 2924,  41.625495625845225,  -71.00871956237185, Road CLOSED, }, Latitude= 41.62654594497846, Longitude= -71.00965555472136,  (at simulation time 367.403,300,000 s)
2023-09-25 08:46:11,934 INFO  - ,Received V2X Message from ,rsu_1, InterVehicleMsg{,29, 2925,  41.625495625845225,  -71.00871956237185, Road CLOSED, }, Latitude= 41.62654594497846, Longitude= -71.00965555472136,  (at simulation time 367.501,800,000 s)
2023-09-25 08:46:11,934 INFO  - ,Received V2X Message from ,rsu_1, InterVehicleMsg{,29, 2926,  41.625495625845225,  -71.00871956237185, Road CLOSED, }, Latitude= 41.62654594497846, Longitude= -71.00965555472136,  (at simulation time 367.603,300,000 s)
2023-09-25 08:46:11,934 INFO  - ,Received V2X Message from ,rsu_1, InterVehicleMsg{,29, 2927,  41.625495625845225,  -71.00871956237185, Road CLOSED, }, Latitude= 41.62654594497846, Longitude= -71.00965555472136,  (at simulation time 367.701,300,000 s)
2023-09-25 08:46:11,934 INFO  - ,Received V2X Message from ,rsu_1, InterVehicleMsg{,29, 2928,  41.625495625845225,  -71.00871956237185, Road CLOSED, }, Latitude= 41.62654594497846, Longitude= -71.00965555472136,  (at simulation time 367.803,300,000 s)
2023-09-25 08:46:11,934 INFO  - ,Received V2X Message from ,rsu_1, InterVehicleMsg{,29, 2929,  41.625495625845225,  -71.00871956237185, Road CLOSED, }, Latitude= 41.62654594497846, Longitude= -71.00965555472136,  (at simulation time 367.901,800,000 s)
2023-09-25 08:46:12,012 INFO  - ,Received V2X Message from ,rsu_2, InterVehicleMsg{,30, 3150,  41.632382935740885,  -71.0077086334615, Road CLOSED, }, Latitude= 41.630737747448634, Longitude= -71.01051553438181,  (at simulation time 443.000,800,000 s)
2023-09-25 08:46:12,013 INFO  - ,Received V2X Message from ,rsu_2, InterVehicleMsg{,30, 3151,  41.632382935740885,  -71.0077086334615, Road CLOSED, }, Latitude= 41.630737747448634, Longitude= -71.01051553438181,  (at simulation time 443.102,300,000 s)
2023-09-25 08:46:12,013 INFO  - ,Received V2X Message from ,rsu_2, InterVehicleMsg{,30, 3152,  41.632382935740885,  -71.0077086334615, Road CLOSED, }, Latitude= 41.630737747448634, Longitude= -71.01051553438181,  (at simulation time 443.203,300,000 s)
2023-09-25 08:46:12,013 INFO  - ,Received V2X Message from ,rsu_2, InterVehicleMsg{,30, 3153,  41.632382935740885,  -71.0077086334615, Road CLOSED, }, Latitude= 41.630737747448634, Longitude= -71.01051553438181,  (at simulation time 443.303,800,000 s)
2023-09-25 08:46:12,013 INFO  - ,Received V2X Message from ,rsu_2, InterVehicleMsg{,30, 3154,  41.632382935740885,  -71.0077086334615, Road CLOSED, }, Latitude= 41.630737747448634, Longitude= -71.01051553438181,  (at simulation time 443.400,800,000 s)
2023-09-25 08:46:12,013 INFO  - ,Received V2X Message from ,rsu_2, InterVehicleMsg{,30, 3155,  41.632382935740885,  -71.0077086334615, Road CLOSED, }, Latitude= 41.630737747448634, Longitude= -71.01051553438181,  (at simulation time 443.501,300,000 s)
2023-09-25 08:46:12,013 INFO  - ,Received V2X Message from ,rsu_2, InterVehicleMsg{,30, 3156,  41.632382935740885,  -71.0077086334615, Road CLOSED, }, Latitude= 41.630737747448634, Longitude= -71.01051553438181,  (at simulation time 443.602,300,000 s)
2023-09-25 08:46:12,013 INFO  - ,Received V2X Message from ,rsu_2, InterVehicleMsg{,30, 3157,  41.632382935740885,  -71.0077086334615, Road CLOSED, }, Latitude= 41.630737747448634, Longitude= -71.01051553438181,  (at simulation time 443.704,300,000 s)
2023-09-25 08:46:12,013 INFO  - ,Received V2X Message from ,rsu_2, InterVehicleMsg{,30, 3158,  41.632382935740885,  -71.0077086334615, Road CLOSED, }, Latitude= 41.630737747448634, Longitude= -71.01051553438181,  (at simulation time 443.801,800,000 s)
2023-09-25 08:46:12,013 INFO  - ,Received V2X Message from ,rsu_2, InterVehicleMsg{,30, 3159,  41.632382935740885,  -71.0077086334615, Road CLOSED, }, Latitude= 41.630737747448634, Longitude= -71.01051553438181,  (at simulation time 443.903,800,000 s)
2023-09-25 08:46:12,014 INFO  - ,Received V2X Message from ,rsu_2, InterVehicleMsg{,30, 3160,  41.632382935740885,  -71.0077086334615, Road CLOSED, }, Latitude= 41.6307818462458, Longitude= -71.01046337615085,  (at simulation time 444.003,300,000 s)
2023-09-25 08:46:12,014 INFO  - ,Received V2X Message from ,rsu_2, InterVehicleMsg{,30, 3161,  41.632382935740885,  -71.0077086334615, Road CLOSED, }, Latitude= 41.6307818462458, Longitude= -71.01046337615085,  (at simulation time 444.104,800,000 s)
2023-09-25 08:46:12,014 INFO  - ,Received V2X Message from ,rsu_2, InterVehicleMsg{,30, 3162,  41.632382935740885,  -71.0077086334615, Road CLOSED, }, Latitude= 41.6307818462458, Longitude= -71.01046337615085,  (at simulation time 444.202,800,000 s)
2023-09-25 08:46:12,014 INFO  - ,Received V2X Message from ,rsu_2, InterVehicleMsg{,30, 3163,  41.632382935740885,  -71.0077086334615, Road CLOSED, }, Latitude= 41.6307818462458, Longitude= -71.01046337615085,  (at simulation time 444.302,800,000 s)
2023-09-25 08:46:12,014 INFO  - ,Received V2X Message from ,rsu_2, InterVehicleMsg{,30, 3164,  41.632382935740885,  -71.0077086334615, Road CLOSED, }, Latitude= 41.6307818462458, Longitude= -71.01046337615085,  (at simulation time 444.402,300,000 s)
2023-09-25 08:46:12,014 INFO  - ,Received V2X Message from ,rsu_2, InterVehicleMsg{,30, 3165,  41.632382935740885,  -71.0077086334615, Road CLOSED, }, Latitude= 41.6307818462458, Longitude= -71.01046337615085,  (at simulation time 444.502,300,000 s)
2023-09-25 08:46:12,014 INFO  - ,Received V2X Message from ,rsu_2, InterVehicleMsg{,30, 3166,  41.632382935740885,  -71.0077086334615, Road CLOSED, }, Latitude= 41.6307818462458, Longitude= -71.01046337615085,  (at simulation time 444.602,800,000 s)
2023-09-25 08:46:12,015 INFO  - ,Received V2X Message from ,rsu_2, InterVehicleMsg{,30, 3167,  41.632382935740885,  -71.0077086334615, Road CLOSED, }, Latitude= 41.6307818462458, Longitude= -71.01046337615085,  (at simulation time 444.701,800,000 s)
2023-09-25 08:46:12,015 INFO  - ,Received V2X Message from ,rsu_2, InterVehicleMsg{,30, 3168,  41.632382935740885,  -71.0077086334615, Road CLOSED, }, Latitude= 41.6307818462458, Longitude= -71.01046337615085,  (at simulation time 444.802,300,000 s)
2023-09-25 08:46:12,015 INFO  - ,Received V2X Message from ,rsu_2, InterVehicleMsg{,30, 3169,  41.632382935740885,  -71.0077086334615, Road CLOSED, }, Latitude= 41.6307818462458, Longitude= -71.01046337615085,  (at simulation time 444.902,800,000 s)
2023-09-25 08:46:12,016 INFO  - ,Received V2X Message from ,rsu_2, InterVehicleMsg{,30, 3170,  41.632382935740885,  -71.0077086334615, Road CLOSED, }, Latitude= 41.63082197418884, Longitude= -71.01041118508962,  (at simulation time 445.003,300,000 s)
2023-09-25 08:46:12,016 INFO  - ,Received V2X Message from ,rsu_2, InterVehicleMsg{,30, 3171,  41.632382935740885,  -71.0077086334615, Road CLOSED, }, Latitude= 41.63082197418884, Longitude= -71.01041118508962,  (at simulation time 445.104,300,000 s)
2023-09-25 08:46:12,016 INFO  - ,Received V2X Message from ,rsu_2, InterVehicleMsg{,30, 3172,  41.632382935740885,  -71.0077086334615, Road CLOSED, }, Latitude= 41.63082197418884, Longitude= -71.01041118508962,  (at simulation time 445.203,300,000 s)
2023-09-25 08:46:12,016 INFO  - ,Received V2X Message from ,rsu_2, InterVehicleMsg{,30, 3173,  41.632382935740885,  -71.0077086334615, Road CLOSED, }, Latitude= 41.63082197418884, Longitude= -71.01041118508962,  (at simulation time 445.302,800,000 s)
2023-09-25 08:46:12,017 INFO  - ,Received V2X Message from ,rsu_2, InterVehicleMsg{,30, 3174,  41.632382935740885,  -71.0077086334615, Road CLOSED, }, Latitude= 41.63082197418884, Longitude= -71.01041118508962,  (at simulation time 445.401,800,000 s)
2023-09-25 08:46:12,017 INFO  - ,Received V2X Message from ,rsu_2, InterVehicleMsg{,30, 3175,  41.632382935740885,  -71.0077086334615, Road CLOSED, }, Latitude= 41.63082197418884, Longitude= -71.01041118508962,  (at simulation time 445.502,300,000 s)
2023-09-25 08:46:12,017 INFO  - ,Received V2X Message from ,rsu_2, InterVehicleMsg{,30, 3176,  41.632382935740885,  -71.0077086334615, Road CLOSED, }, Latitude= 41.63082197418884, Longitude= -71.01041118508962,  (at simulation time 445.601,800,000 s)
2023-09-25 08:46:12,017 INFO  - ,Received V2X Message from ,rsu_2, InterVehicleMsg{,30, 3177,  41.632382935740885,  -71.0077086334615, Road CLOSED, }, Latitude= 41.63082197418884, Longitude= -71.01041118508962,  (at simulation time 445.701,300,000 s)
2023-09-25 08:46:12,017 INFO  - ,Received V2X Message from ,rsu_2, InterVehicleMsg{,30, 3178,  41.632382935740885,  -71.0077086334615, Road CLOSED, }, Latitude= 41.63082197418884, Longitude= -71.01041118508962,  (at simulation time 445.803,800,000 s)
2023-09-25 08:46:12,017 INFO  - ,Received V2X Message from ,rsu_2, InterVehicleMsg{,30, 3179,  41.632382935740885,  -71.0077086334615, Road CLOSED, }, Latitude= 41.63082197418884, Longitude= -71.01041118508962,  (at simulation time 445.904,800,000 s)
2023-09-25 08:46:12,018 INFO  - ,Received V2X Message from ,rsu_2, InterVehicleMsg{,30, 3180,  41.632382935740885,  -71.0077086334615, Road CLOSED, }, Latitude= 41.630856347422075, Longitude= -71.01036583384193,  (at simulation time 446.002,800,000 s)
2023-09-25 08:46:12,018 INFO  - ,Received V2X Message from ,rsu_2, InterVehicleMsg{,30, 3181,  41.632382935740885,  -71.0077086334615, Road CLOSED, }, Latitude= 41.630856347422075, Longitude= -71.01036583384193,  (at simulation time 446.101,800,000 s)
2023-09-25 08:46:12,018 INFO  - ,Received V2X Message from ,rsu_2, InterVehicleMsg{,30, 3182,  41.632382935740885,  -71.0077086334615, Road CLOSED, }, Latitude= 41.630856347422075, Longitude= -71.01036583384193,  (at simulation time 446.201,800,000 s)
2023-09-25 08:46:12,018 INFO  - ,Received V2X Message from ,rsu_2, InterVehicleMsg{,30, 3183,  41.632382935740885,  -71.0077086334615, Road CLOSED, }, Latitude= 41.630856347422075, Longitude= -71.01036583384193,  (at simulation time 446.302,300,000 s)
2023-09-25 08:46:12,019 INFO  - ,Received V2X Message from ,rsu_2, InterVehicleMsg{,30, 3184,  41.632382935740885,  -71.0077086334615, Road CLOSED, }, Latitude= 41.630856347422075, Longitude= -71.01036583384193,  (at simulation time 446.401,800,000 s)
2023-09-25 08:46:12,019 INFO  - ,Received V2X Message from ,rsu_2, InterVehicleMsg{,30, 3185,  41.632382935740885,  -71.0077086334615, Road CLOSED, }, Latitude= 41.630856347422075, Longitude= -71.01036583384193,  (at simulation time 446.501,800,000 s)
2023-09-25 08:46:12,019 INFO  - ,Received V2X Message from ,rsu_2, InterVehicleMsg{,30, 3186,  41.632382935740885,  -71.0077086334615, Road CLOSED, }, Latitude= 41.630856347422075, Longitude= -71.01036583384193,  (at simulation time 446.601,300,000 s)
2023-09-25 08:46:12,019 INFO  - ,Received V2X Message from ,rsu_2, InterVehicleMsg{,30, 3187,  41.632382935740885,  -71.0077086334615, Road CLOSED, }, Latitude= 41.630856347422075, Longitude= -71.01036583384193,  (at simulation time 446.701,800,000 s)
2023-09-25 08:46:12,019 INFO  - ,Received V2X Message from ,rsu_2, InterVehicleMsg{,30, 3188,  41.632382935740885,  -71.0077086334615, Road CLOSED, }, Latitude= 41.630856347422075, Longitude= -71.01036583384193,  (at simulation time 446.801,800,000 s)
2023-09-25 08:46:12,019 INFO  - ,Received V2X Message from ,rsu_2, InterVehicleMsg{,30, 3189,  41.632382935740885,  -71.0077086334615, Road CLOSED, }, Latitude= 41.630856347422075, Longitude= -71.01036583384193,  (at simulation time 446.902,300,000 s)
2023-09-25 08:46:12,020 INFO  - ,Received V2X Message from ,rsu_2, InterVehicleMsg{,30, 3190,  41.632382935740885,  -71.0077086334615, Road CLOSED, }, Latitude= 41.63089391923364, Longitude= -71.01031626238327,  (at simulation time 447.003,800,000 s)
2023-09-25 08:46:12,020 INFO  - ,Received V2X Message from ,rsu_2, InterVehicleMsg{,30, 3191,  41.632382935740885,  -71.0077086334615, Road CLOSED, }, Latitude= 41.63089391923364, Longitude= -71.01031626238327,  (at simulation time 447.102,300,000 s)
2023-09-25 08:46:12,020 INFO  - ,Received V2X Message from ,rsu_2, InterVehicleMsg{,30, 3192,  41.632382935740885,  -71.0077086334615, Road CLOSED, }, Latitude= 41.63089391923364, Longitude= -71.01031626238327,  (at simulation time 447.204,800,000 s)
2023-09-25 08:46:12,020 INFO  - ,Received V2X Message from ,rsu_2, InterVehicleMsg{,30, 3193,  41.632382935740885,  -71.0077086334615, Road CLOSED, }, Latitude= 41.63089391923364, Longitude= -71.01031626238327,  (at simulation time 447.301,300,000 s)
2023-09-25 08:46:12,020 INFO  - ,Received V2X Message from ,rsu_2, InterVehicleMsg{,30, 3194,  41.632382935740885,  -71.0077086334615, Road CLOSED, }, Latitude= 41.63089391923364, Longitude= -71.01031626238327,  (at simulation time 447.402,800,000 s)
2023-09-25 08:46:12,020 INFO  - ,Received V2X Message from ,rsu_2, InterVehicleMsg{,30, 3195,  41.632382935740885,  -71.0077086334615, Road CLOSED, }, Latitude= 41.63089391923364, Longitude= -71.01031626238327,  (at simulation time 447.502,300,000 s)
2023-09-25 08:46:12,020 INFO  - ,Received V2X Message from ,rsu_2, InterVehicleMsg{,30, 3196,  41.632382935740885,  -71.0077086334615, Road CLOSED, }, Latitude= 41.63089391923364, Longitude= -71.01031626238327,  (at simulation time 447.604,300,000 s)
2023-09-25 08:46:12,020 INFO  - ,Received V2X Message from ,rsu_2, InterVehicleMsg{,30, 3197,  41.632382935740885,  -71.0077086334615, Road CLOSED, }, Latitude= 41.63089391923364, Longitude= -71.01031626238327,  (at simulation time 447.701,300,000 s)
2023-09-25 08:46:12,020 INFO  - ,Received V2X Message from ,rsu_2, InterVehicleMsg{,30, 3198,  41.632382935740885,  -71.0077086334615, Road CLOSED, }, Latitude= 41.63089391923364, Longitude= -71.01031626238327,  (at simulation time 447.803,800,000 s)
2023-09-25 08:46:12,020 INFO  - ,Received V2X Message from ,rsu_2, InterVehicleMsg{,30, 3199,  41.632382935740885,  -71.0077086334615, Road CLOSED, }, Latitude= 41.63089391923364, Longitude= -71.01031626238327,  (at simulation time 447.903,800,000 s)
2023-09-25 08:46:12,021 INFO  - ,Received V2X Message from ,rsu_2, InterVehicleMsg{,30, 3200,  41.632382935740885,  -71.0077086334615, Road CLOSED, }, Latitude= 41.63093555848655, Longitude= -71.01025779905953,  (at simulation time 448.002,800,000 s)
2023-09-25 08:46:12,021 INFO  - ,Received V2X Message from ,rsu_2, InterVehicleMsg{,30, 3201,  41.632382935740885,  -71.0077086334615, Road CLOSED, }, Latitude= 41.63093555848655, Longitude= -71.01025779905953,  (at simulation time 448.102,800,000 s)
2023-09-25 08:46:12,021 INFO  - ,Received V2X Message from ,rsu_2, InterVehicleMsg{,30, 3202,  41.632382935740885,  -71.0077086334615, Road CLOSED, }, Latitude= 41.63093555848655, Longitude= -71.01025779905953,  (at simulation time 448.203,800,000 s)
2023-09-25 08:46:12,021 INFO  - ,Received V2X Message from ,rsu_2, InterVehicleMsg{,30, 3203,  41.632382935740885,  -71.0077086334615, Road CLOSED, }, Latitude= 41.63093555848655, Longitude= -71.01025779905953,  (at simulation time 448.301,300,000 s)
2023-09-25 08:46:12,021 INFO  - ,Received V2X Message from ,rsu_2, InterVehicleMsg{,30, 3204,  41.632382935740885,  -71.0077086334615, Road CLOSED, }, Latitude= 41.63093555848655, Longitude= -71.01025779905953,  (at simulation time 448.402,800,000 s)
2023-09-25 08:46:12,022 INFO  - ,Received V2X Message from ,rsu_2, InterVehicleMsg{,30, 3205,  41.632382935740885,  -71.0077086334615, Road CLOSED, }, Latitude= 41.63093555848655, Longitude= -71.01025779905953,  (at simulation time 448.504,800,000 s)
2023-09-25 08:46:12,022 INFO  - ,Received V2X Message from ,rsu_2, InterVehicleMsg{,30, 3206,  41.632382935740885,  -71.0077086334615, Road CLOSED, }, Latitude= 41.63093555848655, Longitude= -71.01025779905953,  (at simulation time 448.604,300,000 s)
2023-09-25 08:46:12,022 INFO  - ,Received V2X Message from ,rsu_2, InterVehicleMsg{,30, 3207,  41.632382935740885,  -71.0077086334615, Road CLOSED, }, Latitude= 41.63093555848655, Longitude= -71.01025779905953,  (at simulation time 448.703,300,000 s)
2023-09-25 08:46:12,022 INFO  - ,Received V2X Message from ,rsu_2, InterVehicleMsg{,30, 3208,  41.632382935740885,  -71.0077086334615, Road CLOSED, }, Latitude= 41.63093555848655, Longitude= -71.01025779905953,  (at simulation time 448.802,300,000 s)
2023-09-25 08:46:12,022 INFO  - ,Received V2X Message from ,rsu_2, InterVehicleMsg{,30, 3209,  41.632382935740885,  -71.0077086334615, Road CLOSED, }, Latitude= 41.63093555848655, Longitude= -71.01025779905953,  (at simulation time 448.903,800,000 s)
2023-09-25 08:46:12,022 INFO  - ,Received V2X Message from ,rsu_2, InterVehicleMsg{,30, 3210,  41.632382935740885,  -71.0077086334615, Road CLOSED, }, Latitude= 41.63096916351993, Longitude= -71.01021021217855,  (at simulation time 449.003,300,000 s)
2023-09-25 08:46:12,023 INFO  - ,Received V2X Message from ,rsu_2, InterVehicleMsg{,30, 3211,  41.632382935740885,  -71.0077086334615, Road CLOSED, }, Latitude= 41.63096916351993, Longitude= -71.01021021217855,  (at simulation time 449.101,800,000 s)
2023-09-25 08:46:12,023 INFO  - ,Received V2X Message from ,rsu_2, InterVehicleMsg{,30, 3212,  41.632382935740885,  -71.0077086334615, Road CLOSED, }, Latitude= 41.63096916351993, Longitude= -71.01021021217855,  (at simulation time 449.204,800,000 s)
2023-09-25 08:46:12,023 INFO  - ,Received V2X Message from ,rsu_2, InterVehicleMsg{,30, 3213,  41.632382935740885,  -71.0077086334615, Road CLOSED, }, Latitude= 41.63096916351993, Longitude= -71.01021021217855,  (at simulation time 449.301,800,000 s)
2023-09-25 08:46:12,023 INFO  - ,Received V2X Message from ,rsu_2, InterVehicleMsg{,30, 3214,  41.632382935740885,  -71.0077086334615, Road CLOSED, }, Latitude= 41.63096916351993, Longitude= -71.01021021217855,  (at simulation time 449.403,300,000 s)
2023-09-25 08:46:12,023 INFO  - ,Received V2X Message from ,rsu_2, InterVehicleMsg{,30, 3215,  41.632382935740885,  -71.0077086334615, Road CLOSED, }, Latitude= 41.63096916351993, Longitude= -71.01021021217855,  (at simulation time 449.501,800,000 s)
2023-09-25 08:46:12,023 INFO  - ,Received V2X Message from ,rsu_2, InterVehicleMsg{,30, 3216,  41.632382935740885,  -71.0077086334615, Road CLOSED, }, Latitude= 41.63096916351993, Longitude= -71.01021021217855,  (at simulation time 449.601,300,000 s)
2023-09-25 08:46:12,023 INFO  - ,Received V2X Message from ,rsu_2, InterVehicleMsg{,30, 3217,  41.632382935740885,  -71.0077086334615, Road CLOSED, }, Latitude= 41.63096916351993, Longitude= -71.01021021217855,  (at simulation time 449.703,300,000 s)
2023-09-25 08:46:12,023 INFO  - ,Received V2X Message from ,rsu_2, InterVehicleMsg{,30, 3218,  41.632382935740885,  -71.0077086334615, Road CLOSED, }, Latitude= 41.63096916351993, Longitude= -71.01021021217855,  (at simulation time 449.804,800,000 s)
2023-09-25 08:46:12,023 INFO  - ,Received V2X Message from ,rsu_2, InterVehicleMsg{,30, 3219,  41.632382935740885,  -71.0077086334615, Road CLOSED, }, Latitude= 41.63096916351993, Longitude= -71.01021021217855,  (at simulation time 449.902,300,000 s)
2023-09-25 08:46:12,024 INFO  - ,Received V2X Message from ,rsu_2, InterVehicleMsg{,30, 3220,  41.632382935740885,  -71.0077086334615, Road CLOSED, }, Latitude= 41.63101303150124, Longitude= -71.01014743383993,  (at simulation time 450.004,300,000 s)
2023-09-25 08:46:12,025 INFO  - ,Received V2X Message from ,rsu_2, InterVehicleMsg{,30, 3221,  41.632382935740885,  -71.0077086334615, Road CLOSED, }, Latitude= 41.63101303150124, Longitude= -71.01014743383993,  (at simulation time 450.102,800,000 s)
2023-09-25 08:46:12,025 INFO  - ,Received V2X Message from ,rsu_2, InterVehicleMsg{,30, 3222,  41.632382935740885,  -71.0077086334615, Road CLOSED, }, Latitude= 41.63101303150124, Longitude= -71.01014743383993,  (at simulation time 450.203,800,000 s)
2023-09-25 08:46:12,025 INFO  - ,Received V2X Message from ,rsu_2, InterVehicleMsg{,30, 3223,  41.632382935740885,  -71.0077086334615, Road CLOSED, }, Latitude= 41.63101303150124, Longitude= -71.01014743383993,  (at simulation time 450.302,300,000 s)
2023-09-25 08:46:12,025 INFO  - ,Received V2X Message from ,rsu_2, InterVehicleMsg{,30, 3224,  41.632382935740885,  -71.0077086334615, Road CLOSED, }, Latitude= 41.63101303150124, Longitude= -71.01014743383993,  (at simulation time 450.403,300,000 s)
2023-09-25 08:46:12,025 INFO  - ,Received V2X Message from ,rsu_2, InterVehicleMsg{,30, 3225,  41.632382935740885,  -71.0077086334615, Road CLOSED, }, Latitude= 41.63101303150124, Longitude= -71.01014743383993,  (at simulation time 450.502,300,000 s)
2023-09-25 08:46:12,025 INFO  - ,Received V2X Message from ,rsu_2, InterVehicleMsg{,30, 3226,  41.632382935740885,  -71.0077086334615, Road CLOSED, }, Latitude= 41.63101303150124, Longitude= -71.01014743383993,  (at simulation time 450.602,300,000 s)
2023-09-25 08:46:12,025 INFO  - ,Received V2X Message from ,rsu_2, InterVehicleMsg{,30, 3227,  41.632382935740885,  -71.0077086334615, Road CLOSED, }, Latitude= 41.63101303150124, Longitude= -71.01014743383993,  (at simulation time 450.703,300,000 s)
2023-09-25 08:46:12,025 INFO  - ,Received V2X Message from ,rsu_2, InterVehicleMsg{,30, 3228,  41.632382935740885,  -71.0077086334615, Road CLOSED, }, Latitude= 41.63101303150124, Longitude= -71.01014743383993,  (at simulation time 450.800,800,000 s)
2023-09-25 08:46:12,025 INFO  - ,Received V2X Message from ,rsu_2, InterVehicleMsg{,30, 3229,  41.632382935740885,  -71.0077086334615, Road CLOSED, }, Latitude= 41.63101303150124, Longitude= -71.01014743383993,  (at simulation time 450.902,800,000 s)
2023-09-25 08:46:12,026 INFO  - ,Received V2X Message from ,rsu_2, InterVehicleMsg{,30, 3230,  41.632382935740885,  -71.0077086334615, Road CLOSED, }, Latitude= 41.6310514419976, Longitude= -71.01008905589136,  (at simulation time 451.003,300,000 s)
2023-09-25 08:46:12,026 INFO  - ,Received V2X Message from ,rsu_2, InterVehicleMsg{,30, 3231,  41.632382935740885,  -71.0077086334615, Road CLOSED, }, Latitude= 41.6310514419976, Longitude= -71.01008905589136,  (at simulation time 451.100,800,000 s)
2023-09-25 08:46:12,026 INFO  - ,Received V2X Message from ,rsu_2, InterVehicleMsg{,30, 3232,  41.632382935740885,  -71.0077086334615, Road CLOSED, }, Latitude= 41.6310514419976, Longitude= -71.01008905589136,  (at simulation time 451.201,800,000 s)
2023-09-25 08:46:12,026 INFO  - ,Received V2X Message from ,rsu_2, InterVehicleMsg{,30, 3233,  41.632382935740885,  -71.0077086334615, Road CLOSED, }, Latitude= 41.6310514419976, Longitude= -71.01008905589136,  (at simulation time 451.301,300,000 s)
2023-09-25 08:46:12,026 INFO  - ,Received V2X Message from ,rsu_2, InterVehicleMsg{,30, 3234,  41.632382935740885,  -71.0077086334615, Road CLOSED, }, Latitude= 41.6310514419976, Longitude= -71.01008905589136,  (at simulation time 451.401,300,000 s)
2023-09-25 08:46:12,026 INFO  - ,Received V2X Message from ,rsu_2, InterVehicleMsg{,30, 3235,  41.632382935740885,  -71.0077086334615, Road CLOSED, }, Latitude= 41.6310514419976, Longitude= -71.01008905589136,  (at simulation time 451.503,800,000 s)
2023-09-25 08:46:12,027 INFO  - ,Received V2X Message from ,rsu_2, InterVehicleMsg{,30, 3236,  41.632382935740885,  -71.0077086334615, Road CLOSED, }, Latitude= 41.6310514419976, Longitude= -71.01008905589136,  (at simulation time 451.603,800,000 s)
2023-09-25 08:46:12,027 INFO  - ,Received V2X Message from ,rsu_2, InterVehicleMsg{,30, 3237,  41.632382935740885,  -71.0077086334615, Road CLOSED, }, Latitude= 41.6310514419976, Longitude= -71.01008905589136,  (at simulation time 451.703,800,000 s)
2023-09-25 08:46:12,027 INFO  - ,Received V2X Message from ,rsu_2, InterVehicleMsg{,30, 3238,  41.632382935740885,  -71.0077086334615, Road CLOSED, }, Latitude= 41.6310514419976, Longitude= -71.01008905589136,  (at simulation time 451.803,300,000 s)
2023-09-25 08:46:12,027 INFO  - ,Received V2X Message from ,rsu_2, InterVehicleMsg{,30, 3239,  41.632382935740885,  -71.0077086334615, Road CLOSED, }, Latitude= 41.6310514419976, Longitude= -71.01008905589136,  (at simulation time 451.903,300,000 s)
2023-09-25 08:46:12,027 INFO  - ,Received V2X Message from ,rsu_2, InterVehicleMsg{,30, 3240,  41.632382935740885,  -71.0077086334615, Road CLOSED, }, Latitude= 41.63109851207555, Longitude= -71.01001760186823,  (at simulation time 452.003,800,000 s)
2023-09-25 08:46:12,027 INFO  - ,Received V2X Message from ,rsu_2, InterVehicleMsg{,30, 3241,  41.632382935740885,  -71.0077086334615, Road CLOSED, }, Latitude= 41.63109851207555, Longitude= -71.01001760186823,  (at simulation time 452.101,300,000 s)
2023-09-25 08:46:12,028 INFO  - ,Received V2X Message from ,rsu_2, InterVehicleMsg{,30, 3242,  41.632382935740885,  -71.0077086334615, Road CLOSED, }, Latitude= 41.63109851207555, Longitude= -71.01001760186823,  (at simulation time 452.203,800,000 s)
2023-09-25 08:46:12,028 INFO  - ,Received V2X Message from ,rsu_2, InterVehicleMsg{,30, 3243,  41.632382935740885,  -71.0077086334615, Road CLOSED, }, Latitude= 41.63109851207555, Longitude= -71.01001760186823,  (at simulation time 452.302,300,000 s)
2023-09-25 08:46:12,028 INFO  - ,Received V2X Message from ,rsu_2, InterVehicleMsg{,30, 3244,  41.632382935740885,  -71.0077086334615, Road CLOSED, }, Latitude= 41.63109851207555, Longitude= -71.01001760186823,  (at simulation time 452.403,800,000 s)
2023-09-25 08:46:12,028 INFO  - ,Received V2X Message from ,rsu_2, InterVehicleMsg{,30, 3245,  41.632382935740885,  -71.0077086334615, Road CLOSED, }, Latitude= 41.63109851207555, Longitude= -71.01001760186823,  (at simulation time 452.503,300,000 s)
2023-09-25 08:46:12,028 INFO  - ,Received V2X Message from ,rsu_2, InterVehicleMsg{,30, 3246,  41.632382935740885,  -71.0077086334615, Road CLOSED, }, Latitude= 41.63109851207555, Longitude= -71.01001760186823,  (at simulation time 452.601,300,000 s)
2023-09-25 08:46:12,028 INFO  - ,Received V2X Message from ,rsu_2, InterVehicleMsg{,30, 3247,  41.632382935740885,  -71.0077086334615, Road CLOSED, }, Latitude= 41.63109851207555, Longitude= -71.01001760186823,  (at simulation time 452.703,300,000 s)
2023-09-25 08:46:12,028 INFO  - ,Received V2X Message from ,rsu_2, InterVehicleMsg{,30, 3248,  41.632382935740885,  -71.0077086334615, Road CLOSED, }, Latitude= 41.63109851207555, Longitude= -71.01001760186823,  (at simulation time 452.804,300,000 s)
2023-09-25 08:46:12,028 INFO  - ,Received V2X Message from ,rsu_2, InterVehicleMsg{,30, 3249,  41.632382935740885,  -71.0077086334615, Road CLOSED, }, Latitude= 41.63109851207555, Longitude= -71.01001760186823,  (at simulation time 452.903,300,000 s)
2023-09-25 08:46:12,029 INFO  - ,Received V2X Message from ,rsu_2, InterVehicleMsg{,30, 3250,  41.632382935740885,  -71.0077086334615, Road CLOSED, }, Latitude= 41.63113683409994, Longitude= -71.0099565676935,  (at simulation time 453.001,800,000 s)
2023-09-25 08:46:12,029 INFO  - ,Received V2X Message from ,rsu_2, InterVehicleMsg{,30, 3251,  41.632382935740885,  -71.0077086334615, Road CLOSED, }, Latitude= 41.63113683409994, Longitude= -71.0099565676935,  (at simulation time 453.103,300,000 s)
2023-09-25 08:46:12,029 INFO  - ,Received V2X Message from ,rsu_2, InterVehicleMsg{,30, 3252,  41.632382935740885,  -71.0077086334615, Road CLOSED, }, Latitude= 41.63113683409994, Longitude= -71.0099565676935,  (at simulation time 453.202,800,000 s)
2023-09-25 08:46:12,029 INFO  - ,Received V2X Message from ,rsu_2, InterVehicleMsg{,30, 3253,  41.632382935740885,  -71.0077086334615, Road CLOSED, }, Latitude= 41.63113683409994, Longitude= -71.0099565676935,  (at simulation time 453.303,800,000 s)
2023-09-25 08:46:12,029 INFO  - ,Received V2X Message from ,rsu_2, InterVehicleMsg{,30, 3254,  41.632382935740885,  -71.0077086334615, Road CLOSED, }, Latitude= 41.63113683409994, Longitude= -71.0099565676935,  (at simulation time 453.400,800,000 s)
2023-09-25 08:46:12,029 INFO  - ,Received V2X Message from ,rsu_2, InterVehicleMsg{,30, 3255,  41.632382935740885,  -71.0077086334615, Road CLOSED, }, Latitude= 41.63113683409994, Longitude= -71.0099565676935,  (at simulation time 453.501,800,000 s)
2023-09-25 08:46:12,029 INFO  - ,Received V2X Message from ,rsu_2, InterVehicleMsg{,30, 3256,  41.632382935740885,  -71.0077086334615, Road CLOSED, }, Latitude= 41.63113683409994, Longitude= -71.0099565676935,  (at simulation time 453.601,300,000 s)
2023-09-25 08:46:12,029 INFO  - ,Received V2X Message from ,rsu_2, InterVehicleMsg{,30, 3257,  41.632382935740885,  -71.0077086334615, Road CLOSED, }, Latitude= 41.63113683409994, Longitude= -71.0099565676935,  (at simulation time 453.704,300,000 s)
2023-09-25 08:46:12,029 INFO  - ,Received V2X Message from ,rsu_2, InterVehicleMsg{,30, 3258,  41.632382935740885,  -71.0077086334615, Road CLOSED, }, Latitude= 41.63113683409994, Longitude= -71.0099565676935,  (at simulation time 453.803,300,000 s)
2023-09-25 08:46:12,029 INFO  - ,Received V2X Message from ,rsu_2, InterVehicleMsg{,30, 3259,  41.632382935740885,  -71.0077086334615, Road CLOSED, }, Latitude= 41.63113683409994, Longitude= -71.0099565676935,  (at simulation time 453.901,800,000 s)
2023-09-25 08:46:12,030 INFO  - ,Received V2X Message from ,rsu_2, InterVehicleMsg{,30, 3260,  41.632382935740885,  -71.0077086334615, Road CLOSED, }, Latitude= 41.631173756743785, Longitude= -71.00989639068342,  (at simulation time 454.003,300,000 s)
2023-09-25 08:46:12,030 INFO  - ,Received V2X Message from ,rsu_2, InterVehicleMsg{,30, 3261,  41.632382935740885,  -71.0077086334615, Road CLOSED, }, Latitude= 41.631173756743785, Longitude= -71.00989639068342,  (at simulation time 454.103,300,000 s)
2023-09-25 08:46:12,030 INFO  - ,Received V2X Message from ,rsu_2, InterVehicleMsg{,30, 3262,  41.632382935740885,  -71.0077086334615, Road CLOSED, }, Latitude= 41.631173756743785, Longitude= -71.00989639068342,  (at simulation time 454.201,300,000 s)
2023-09-25 08:46:12,030 INFO  - ,Received V2X Message from ,rsu_2, InterVehicleMsg{,30, 3263,  41.632382935740885,  -71.0077086334615, Road CLOSED, }, Latitude= 41.631173756743785, Longitude= -71.00989639068342,  (at simulation time 454.302,800,000 s)
2023-09-25 08:46:12,030 INFO  - ,Received V2X Message from ,rsu_2, InterVehicleMsg{,30, 3264,  41.632382935740885,  -71.0077086334615, Road CLOSED, }, Latitude= 41.631173756743785, Longitude= -71.00989639068342,  (at simulation time 454.402,300,000 s)
2023-09-25 08:46:12,031 INFO  - ,Received V2X Message from ,rsu_2, InterVehicleMsg{,30, 3265,  41.632382935740885,  -71.0077086334615, Road CLOSED, }, Latitude= 41.631173756743785, Longitude= -71.00989639068342,  (at simulation time 454.503,300,000 s)
2023-09-25 08:46:12,033 INFO  - ,Received V2X Message from ,rsu_2, InterVehicleMsg{,30, 3266,  41.632382935740885,  -71.0077086334615, Road CLOSED, }, Latitude= 41.631173756743785, Longitude= -71.00989639068342,  (at simulation time 454.603,800,000 s)
2023-09-25 08:46:12,033 INFO  - ,Received V2X Message from ,rsu_2, InterVehicleMsg{,30, 3267,  41.632382935740885,  -71.0077086334615, Road CLOSED, }, Latitude= 41.631173756743785, Longitude= -71.00989639068342,  (at simulation time 454.701,800,000 s)
2023-09-25 08:46:12,033 INFO  - ,Received V2X Message from ,rsu_2, InterVehicleMsg{,30, 3268,  41.632382935740885,  -71.0077086334615, Road CLOSED, }, Latitude= 41.631173756743785, Longitude= -71.00989639068342,  (at simulation time 454.802,800,000 s)
2023-09-25 08:46:12,033 INFO  - ,Received V2X Message from ,rsu_2, InterVehicleMsg{,30, 3269,  41.632382935740885,  -71.0077086334615, Road CLOSED, }, Latitude= 41.631173756743785, Longitude= -71.00989639068342,  (at simulation time 454.902,800,000 s)
2023-09-25 08:46:12,034 INFO  - ,Received V2X Message from ,rsu_2, InterVehicleMsg{,30, 3270,  41.632382935740885,  -71.0077086334615, Road CLOSED, }, Latitude= 41.63121249044016, Longitude= -71.00983292104193,  (at simulation time 455.002,800,000 s)
2023-09-25 08:46:12,035 INFO  - ,Received V2X Message from ,rsu_2, InterVehicleMsg{,30, 3271,  41.632382935740885,  -71.0077086334615, Road CLOSED, }, Latitude= 41.63121249044016, Longitude= -71.00983292104193,  (at simulation time 455.101,800,000 s)
2023-09-25 08:46:12,035 INFO  - ,Received V2X Message from ,rsu_2, InterVehicleMsg{,30, 3272,  41.632382935740885,  -71.0077086334615, Road CLOSED, }, Latitude= 41.63121249044016, Longitude= -71.00983292104193,  (at simulation time 455.203,300,000 s)
2023-09-25 08:46:12,035 INFO  - ,Received V2X Message from ,rsu_2, InterVehicleMsg{,30, 3273,  41.632382935740885,  -71.0077086334615, Road CLOSED, }, Latitude= 41.63121249044016, Longitude= -71.00983292104193,  (at simulation time 455.303,300,000 s)
2023-09-25 08:46:12,035 INFO  - ,Received V2X Message from ,rsu_2, InterVehicleMsg{,30, 3274,  41.632382935740885,  -71.0077086334615, Road CLOSED, }, Latitude= 41.63121249044016, Longitude= -71.00983292104193,  (at simulation time 455.401,300,000 s)
2023-09-25 08:46:12,035 INFO  - ,Received V2X Message from ,rsu_2, InterVehicleMsg{,30, 3275,  41.632382935740885,  -71.0077086334615, Road CLOSED, }, Latitude= 41.63121249044016, Longitude= -71.00983292104193,  (at simulation time 455.502,300,000 s)
2023-09-25 08:46:12,035 INFO  - ,Received V2X Message from ,rsu_2, InterVehicleMsg{,30, 3276,  41.632382935740885,  -71.0077086334615, Road CLOSED, }, Latitude= 41.63121249044016, Longitude= -71.00983292104193,  (at simulation time 455.601,300,000 s)
2023-09-25 08:46:12,035 INFO  - ,Received V2X Message from ,rsu_2, InterVehicleMsg{,30, 3277,  41.632382935740885,  -71.0077086334615, Road CLOSED, }, Latitude= 41.63121249044016, Longitude= -71.00983292104193,  (at simulation time 455.701,800,000 s)
2023-09-25 08:46:12,035 INFO  - ,Received V2X Message from ,rsu_2, InterVehicleMsg{,30, 3278,  41.632382935740885,  -71.0077086334615, Road CLOSED, }, Latitude= 41.63121249044016, Longitude= -71.00983292104193,  (at simulation time 455.803,300,000 s)
2023-09-25 08:46:12,035 INFO  - ,Received V2X Message from ,rsu_2, InterVehicleMsg{,30, 3279,  41.632382935740885,  -71.0077086334615, Road CLOSED, }, Latitude= 41.63121249044016, Longitude= -71.00983292104193,  (at simulation time 455.902,300,000 s)
2023-09-25 08:46:12,036 INFO  - ,Received V2X Message from ,rsu_2, InterVehicleMsg{,30, 3280,  41.632382935740885,  -71.0077086334615, Road CLOSED, }, Latitude= 41.63124609854301, Longitude= -71.0097740462798,  (at simulation time 456.001,800,000 s)
2023-09-25 08:46:12,036 INFO  - ,Received V2X Message from ,rsu_2, InterVehicleMsg{,30, 3281,  41.632382935740885,  -71.0077086334615, Road CLOSED, }, Latitude= 41.63124609854301, Longitude= -71.0097740462798,  (at simulation time 456.103,800,000 s)
2023-09-25 08:46:12,036 INFO  - ,Received V2X Message from ,rsu_2, InterVehicleMsg{,30, 3282,  41.632382935740885,  -71.0077086334615, Road CLOSED, }, Latitude= 41.63124609854301, Longitude= -71.0097740462798,  (at simulation time 456.204,300,000 s)
2023-09-25 08:46:12,037 INFO  - ,Received V2X Message from ,rsu_2, InterVehicleMsg{,30, 3283,  41.632382935740885,  -71.0077086334615, Road CLOSED, }, Latitude= 41.63124609854301, Longitude= -71.0097740462798,  (at simulation time 456.301,800,000 s)
2023-09-25 08:46:12,037 INFO  - ,Received V2X Message from ,rsu_2, InterVehicleMsg{,30, 3284,  41.632382935740885,  -71.0077086334615, Road CLOSED, }, Latitude= 41.63124609854301, Longitude= -71.0097740462798,  (at simulation time 456.403,300,000 s)
2023-09-25 08:46:12,037 INFO  - ,Received V2X Message from ,rsu_2, InterVehicleMsg{,30, 3285,  41.632382935740885,  -71.0077086334615, Road CLOSED, }, Latitude= 41.63124609854301, Longitude= -71.0097740462798,  (at simulation time 456.503,800,000 s)
2023-09-25 08:46:12,037 INFO  - ,Received V2X Message from ,rsu_2, InterVehicleMsg{,30, 3286,  41.632382935740885,  -71.0077086334615, Road CLOSED, }, Latitude= 41.63124609854301, Longitude= -71.0097740462798,  (at simulation time 456.601,800,000 s)
2023-09-25 08:46:12,037 INFO  - ,Received V2X Message from ,rsu_2, InterVehicleMsg{,30, 3287,  41.632382935740885,  -71.0077086334615, Road CLOSED, }, Latitude= 41.63124609854301, Longitude= -71.0097740462798,  (at simulation time 456.702,800,000 s)
2023-09-25 08:46:12,037 INFO  - ,Received V2X Message from ,rsu_2, InterVehicleMsg{,30, 3288,  41.632382935740885,  -71.0077086334615, Road CLOSED, }, Latitude= 41.63124609854301, Longitude= -71.0097740462798,  (at simulation time 456.802,300,000 s)
2023-09-25 08:46:12,037 INFO  - ,Received V2X Message from ,rsu_2, InterVehicleMsg{,30, 3289,  41.632382935740885,  -71.0077086334615, Road CLOSED, }, Latitude= 41.63124609854301, Longitude= -71.0097740462798,  (at simulation time 456.903,800,000 s)
2023-09-25 08:46:12,038 INFO  - ,Received V2X Message from ,rsu_2, InterVehicleMsg{,30, 3290,  41.632382935740885,  -71.0077086334615, Road CLOSED, }, Latitude= 41.63128556018145, Longitude= -71.00970491713517,  (at simulation time 457.004,300,000 s)
2023-09-25 08:46:12,038 INFO  - ,Received V2X Message from ,rsu_2, InterVehicleMsg{,30, 3291,  41.632382935740885,  -71.0077086334615, Road CLOSED, }, Latitude= 41.63128556018145, Longitude= -71.00970491713517,  (at simulation time 457.103,800,000 s)
2023-09-25 08:46:12,038 INFO  - ,Received V2X Message from ,rsu_2, InterVehicleMsg{,30, 3292,  41.632382935740885,  -71.0077086334615, Road CLOSED, }, Latitude= 41.63128556018145, Longitude= -71.00970491713517,  (at simulation time 457.200,800,000 s)
2023-09-25 08:46:12,038 INFO  - ,Received V2X Message from ,rsu_2, InterVehicleMsg{,30, 3293,  41.632382935740885,  -71.0077086334615, Road CLOSED, }, Latitude= 41.63128556018145, Longitude= -71.00970491713517,  (at simulation time 457.302,300,000 s)
2023-09-25 08:46:12,038 INFO  - ,Received V2X Message from ,rsu_2, InterVehicleMsg{,30, 3294,  41.632382935740885,  -71.0077086334615, Road CLOSED, }, Latitude= 41.63128556018145, Longitude= -71.00970491713517,  (at simulation time 457.404,800,000 s)
2023-09-25 08:46:12,038 INFO  - ,Received V2X Message from ,rsu_2, InterVehicleMsg{,30, 3295,  41.632382935740885,  -71.0077086334615, Road CLOSED, }, Latitude= 41.63128556018145, Longitude= -71.00970491713517,  (at simulation time 457.503,300,000 s)
2023-09-25 08:46:12,039 INFO  - ,Received V2X Message from ,rsu_2, InterVehicleMsg{,30, 3296,  41.632382935740885,  -71.0077086334615, Road CLOSED, }, Latitude= 41.63128556018145, Longitude= -71.00970491713517,  (at simulation time 457.601,800,000 s)
2023-09-25 08:46:12,039 INFO  - ,Received V2X Message from ,rsu_2, InterVehicleMsg{,30, 3297,  41.632382935740885,  -71.0077086334615, Road CLOSED, }, Latitude= 41.63128556018145, Longitude= -71.00970491713517,  (at simulation time 457.702,800,000 s)
2023-09-25 08:46:12,039 INFO  - ,Received V2X Message from ,rsu_2, InterVehicleMsg{,30, 3298,  41.632382935740885,  -71.0077086334615, Road CLOSED, }, Latitude= 41.63128556018145, Longitude= -71.00970491713517,  (at simulation time 457.802,300,000 s)
2023-09-25 08:46:12,039 INFO  - ,Received V2X Message from ,rsu_2, InterVehicleMsg{,30, 3299,  41.632382935740885,  -71.0077086334615, Road CLOSED, }, Latitude= 41.63128556018145, Longitude= -71.00970491713517,  (at simulation time 457.903,300,000 s)
2023-09-25 08:46:12,040 INFO  - ,Received V2X Message from ,rsu_2, InterVehicleMsg{,30, 3300,  41.632382935740885,  -71.0077086334615, Road CLOSED, }, Latitude= 41.63132801232708, Longitude= -71.00962744483189,  (at simulation time 458.003,800,000 s)
2023-09-25 08:46:12,040 INFO  - ,Received V2X Message from ,rsu_2, InterVehicleMsg{,30, 3301,  41.632382935740885,  -71.0077086334615, Road CLOSED, }, Latitude= 41.63132801232708, Longitude= -71.00962744483189,  (at simulation time 458.102,800,000 s)
2023-09-25 08:46:12,040 INFO  - ,Received V2X Message from ,rsu_2, InterVehicleMsg{,30, 3302,  41.632382935740885,  -71.0077086334615, Road CLOSED, }, Latitude= 41.63132801232708, Longitude= -71.00962744483189,  (at simulation time 458.202,300,000 s)
2023-09-25 08:46:12,040 INFO  - ,Received V2X Message from ,rsu_2, InterVehicleMsg{,30, 3303,  41.632382935740885,  -71.0077086334615, Road CLOSED, }, Latitude= 41.63132801232708, Longitude= -71.00962744483189,  (at simulation time 458.303,800,000 s)
2023-09-25 08:46:12,040 INFO  - ,Received V2X Message from ,rsu_2, InterVehicleMsg{,30, 3304,  41.632382935740885,  -71.0077086334615, Road CLOSED, }, Latitude= 41.63132801232708, Longitude= -71.00962744483189,  (at simulation time 458.403,300,000 s)
2023-09-25 08:46:12,040 INFO  - ,Received V2X Message from ,rsu_2, InterVehicleMsg{,30, 3305,  41.632382935740885,  -71.0077086334615, Road CLOSED, }, Latitude= 41.63132801232708, Longitude= -71.00962744483189,  (at simulation time 458.504,300,000 s)
2023-09-25 08:46:12,040 INFO  - ,Received V2X Message from ,rsu_2, InterVehicleMsg{,30, 3306,  41.632382935740885,  -71.0077086334615, Road CLOSED, }, Latitude= 41.63132801232708, Longitude= -71.00962744483189,  (at simulation time 458.602,800,000 s)
2023-09-25 08:46:12,040 INFO  - ,Received V2X Message from ,rsu_2, InterVehicleMsg{,30, 3307,  41.632382935740885,  -71.0077086334615, Road CLOSED, }, Latitude= 41.63132801232708, Longitude= -71.00962744483189,  (at simulation time 458.703,800,000 s)
2023-09-25 08:46:12,040 INFO  - ,Received V2X Message from ,rsu_2, InterVehicleMsg{,30, 3308,  41.632382935740885,  -71.0077086334615, Road CLOSED, }, Latitude= 41.63132801232708, Longitude= -71.00962744483189,  (at simulation time 458.802,800,000 s)
2023-09-25 08:46:12,040 INFO  - ,Received V2X Message from ,rsu_2, InterVehicleMsg{,30, 3309,  41.632382935740885,  -71.0077086334615, Road CLOSED, }, Latitude= 41.63132801232708, Longitude= -71.00962744483189,  (at simulation time 458.902,300,000 s)
2023-09-25 08:46:12,041 INFO  - ,Received V2X Message from ,rsu_2, InterVehicleMsg{,30, 3310,  41.632382935740885,  -71.0077086334615, Road CLOSED, }, Latitude= 41.63136282998952, Longitude= -71.00956178673425,  (at simulation time 459.003,300,000 s)
2023-09-25 08:46:12,041 INFO  - ,Received V2X Message from ,rsu_2, InterVehicleMsg{,30, 3311,  41.632382935740885,  -71.0077086334615, Road CLOSED, }, Latitude= 41.63136282998952, Longitude= -71.00956178673425,  (at simulation time 459.103,300,000 s)
2023-09-25 08:46:12,042 INFO  - ,Received V2X Message from ,rsu_2, InterVehicleMsg{,30, 3312,  41.632382935740885,  -71.0077086334615, Road CLOSED, }, Latitude= 41.63136282998952, Longitude= -71.00956178673425,  (at simulation time 459.203,800,000 s)
2023-09-25 08:46:12,042 INFO  - ,Received V2X Message from ,rsu_2, InterVehicleMsg{,30, 3313,  41.632382935740885,  -71.0077086334615, Road CLOSED, }, Latitude= 41.63136282998952, Longitude= -71.00956178673425,  (at simulation time 459.301,300,000 s)
2023-09-25 08:46:12,042 INFO  - ,Received V2X Message from ,rsu_2, InterVehicleMsg{,30, 3314,  41.632382935740885,  -71.0077086334615, Road CLOSED, }, Latitude= 41.63136282998952, Longitude= -71.00956178673425,  (at simulation time 459.404,800,000 s)
2023-09-25 08:46:12,042 INFO  - ,Received V2X Message from ,rsu_2, InterVehicleMsg{,30, 3315,  41.632382935740885,  -71.0077086334615, Road CLOSED, }, Latitude= 41.63136282998952, Longitude= -71.00956178673425,  (at simulation time 459.503,800,000 s)
2023-09-25 08:46:12,042 INFO  - ,Received V2X Message from ,rsu_2, InterVehicleMsg{,30, 3316,  41.632382935740885,  -71.0077086334615, Road CLOSED, }, Latitude= 41.63136282998952, Longitude= -71.00956178673425,  (at simulation time 459.602,800,000 s)
2023-09-25 08:46:12,042 INFO  - ,Received V2X Message from ,rsu_2, InterVehicleMsg{,30, 3317,  41.632382935740885,  -71.0077086334615, Road CLOSED, }, Latitude= 41.63136282998952, Longitude= -71.00956178673425,  (at simulation time 459.701,800,000 s)
2023-09-25 08:46:12,042 INFO  - ,Received V2X Message from ,rsu_2, InterVehicleMsg{,30, 3318,  41.632382935740885,  -71.0077086334615, Road CLOSED, }, Latitude= 41.63136282998952, Longitude= -71.00956178673425,  (at simulation time 459.803,800,000 s)
2023-09-25 08:46:12,042 INFO  - ,Received V2X Message from ,rsu_2, InterVehicleMsg{,30, 3319,  41.632382935740885,  -71.0077086334615, Road CLOSED, }, Latitude= 41.63136282998952, Longitude= -71.00956178673425,  (at simulation time 459.904,300,000 s)
2023-09-25 08:46:12,043 INFO  - ,Received V2X Message from ,rsu_2, InterVehicleMsg{,30, 3320,  41.632382935740885,  -71.0077086334615, Road CLOSED, }, Latitude= 41.631399624035495, Longitude= -71.00949177638802,  (at simulation time 460.003,800,000 s)
2023-09-25 08:46:12,043 INFO  - ,Received V2X Message from ,rsu_2, InterVehicleMsg{,30, 3321,  41.632382935740885,  -71.0077086334615, Road CLOSED, }, Latitude= 41.631399624035495, Longitude= -71.00949177638802,  (at simulation time 460.103,300,000 s)
2023-09-25 08:46:12,043 INFO  - ,Received V2X Message from ,rsu_2, InterVehicleMsg{,30, 3322,  41.632382935740885,  -71.0077086334615, Road CLOSED, }, Latitude= 41.631399624035495, Longitude= -71.00949177638802,  (at simulation time 460.203,300,000 s)
2023-09-25 08:46:12,043 INFO  - ,Received V2X Message from ,rsu_2, InterVehicleMsg{,30, 3323,  41.632382935740885,  -71.0077086334615, Road CLOSED, }, Latitude= 41.631399624035495, Longitude= -71.00949177638802,  (at simulation time 460.300,800,000 s)
2023-09-25 08:46:12,043 INFO  - ,Received V2X Message from ,rsu_2, InterVehicleMsg{,30, 3324,  41.632382935740885,  -71.0077086334615, Road CLOSED, }, Latitude= 41.631399624035495, Longitude= -71.00949177638802,  (at simulation time 460.402,800,000 s)
2023-09-25 08:46:12,043 INFO  - ,Received V2X Message from ,rsu_2, InterVehicleMsg{,30, 3325,  41.632382935740885,  -71.0077086334615, Road CLOSED, }, Latitude= 41.631399624035495, Longitude= -71.00949177638802,  (at simulation time 460.501,800,000 s)
2023-09-25 08:46:12,043 INFO  - ,Received V2X Message from ,rsu_2, InterVehicleMsg{,30, 3326,  41.632382935740885,  -71.0077086334615, Road CLOSED, }, Latitude= 41.631399624035495, Longitude= -71.00949177638802,  (at simulation time 460.602,800,000 s)
2023-09-25 08:46:12,044 INFO  - ,Received V2X Message from ,rsu_2, InterVehicleMsg{,30, 3327,  41.632382935740885,  -71.0077086334615, Road CLOSED, }, Latitude= 41.631399624035495, Longitude= -71.00949177638802,  (at simulation time 460.703,800,000 s)
2023-09-25 08:46:12,044 INFO  - ,Received V2X Message from ,rsu_2, InterVehicleMsg{,30, 3328,  41.632382935740885,  -71.0077086334615, Road CLOSED, }, Latitude= 41.631399624035495, Longitude= -71.00949177638802,  (at simulation time 460.801,800,000 s)
2023-09-25 08:46:12,044 INFO  - ,Received V2X Message from ,rsu_2, InterVehicleMsg{,30, 3329,  41.632382935740885,  -71.0077086334615, Road CLOSED, }, Latitude= 41.631399624035495, Longitude= -71.00949177638802,  (at simulation time 460.904,300,000 s)
2023-09-25 08:46:12,044 INFO  - ,Received V2X Message from ,rsu_2, InterVehicleMsg{,30, 3330,  41.632382935740885,  -71.0077086334615, Road CLOSED, }, Latitude= 41.63143278579852, Longitude= -71.00942426043419,  (at simulation time 461.002,300,000 s)
2023-09-25 08:46:12,045 INFO  - ,Received V2X Message from ,rsu_2, InterVehicleMsg{,30, 3331,  41.632382935740885,  -71.0077086334615, Road CLOSED, }, Latitude= 41.63143278579852, Longitude= -71.00942426043419,  (at simulation time 461.102,300,000 s)
2023-09-25 08:46:12,045 INFO  - ,Received V2X Message from ,rsu_2, InterVehicleMsg{,30, 3332,  41.632382935740885,  -71.0077086334615, Road CLOSED, }, Latitude= 41.63143278579852, Longitude= -71.00942426043419,  (at simulation time 461.202,800,000 s)
2023-09-25 08:46:12,045 INFO  - ,Received V2X Message from ,rsu_2, InterVehicleMsg{,30, 3333,  41.632382935740885,  -71.0077086334615, Road CLOSED, }, Latitude= 41.63143278579852, Longitude= -71.00942426043419,  (at simulation time 461.300,800,000 s)
2023-09-25 08:46:12,045 INFO  - ,Received V2X Message from ,rsu_2, InterVehicleMsg{,30, 3334,  41.632382935740885,  -71.0077086334615, Road CLOSED, }, Latitude= 41.63143278579852, Longitude= -71.00942426043419,  (at simulation time 461.403,800,000 s)
2023-09-25 08:46:12,045 INFO  - ,Received V2X Message from ,rsu_2, InterVehicleMsg{,30, 3335,  41.632382935740885,  -71.0077086334615, Road CLOSED, }, Latitude= 41.63143278579852, Longitude= -71.00942426043419,  (at simulation time 461.502,800,000 s)
2023-09-25 08:46:12,045 INFO  - ,Received V2X Message from ,rsu_2, InterVehicleMsg{,30, 3336,  41.632382935740885,  -71.0077086334615, Road CLOSED, }, Latitude= 41.63143278579852, Longitude= -71.00942426043419,  (at simulation time 461.604,800,000 s)
2023-09-25 08:46:12,045 INFO  - ,Received V2X Message from ,rsu_2, InterVehicleMsg{,30, 3337,  41.632382935740885,  -71.0077086334615, Road CLOSED, }, Latitude= 41.63143278579852, Longitude= -71.00942426043419,  (at simulation time 461.701,800,000 s)
2023-09-25 08:46:12,045 INFO  - ,Received V2X Message from ,rsu_2, InterVehicleMsg{,30, 3338,  41.632382935740885,  -71.0077086334615, Road CLOSED, }, Latitude= 41.63143278579852, Longitude= -71.00942426043419,  (at simulation time 461.801,800,000 s)
2023-09-25 08:46:12,045 INFO  - ,Received V2X Message from ,rsu_2, InterVehicleMsg{,30, 3339,  41.632382935740885,  -71.0077086334615, Road CLOSED, }, Latitude= 41.63143278579852, Longitude= -71.00942426043419,  (at simulation time 461.903,300,000 s)
2023-09-25 08:46:12,046 INFO  - ,Received V2X Message from ,rsu_2, InterVehicleMsg{,30, 3340,  41.632382935740885,  -71.0077086334615, Road CLOSED, }, Latitude= 41.631466782501874, Longitude= -71.00935504442323,  (at simulation time 462.002,800,000 s)
2023-09-25 08:46:12,046 INFO  - ,Received V2X Message from ,rsu_2, InterVehicleMsg{,30, 3341,  41.632382935740885,  -71.0077086334615, Road CLOSED, }, Latitude= 41.631466782501874, Longitude= -71.00935504442323,  (at simulation time 462.102,300,000 s)
2023-09-25 08:46:12,046 INFO  - ,Received V2X Message from ,rsu_2, InterVehicleMsg{,30, 3342,  41.632382935740885,  -71.0077086334615, Road CLOSED, }, Latitude= 41.631466782501874, Longitude= -71.00935504442323,  (at simulation time 462.203,300,000 s)
2023-09-25 08:46:12,046 INFO  - ,Received V2X Message from ,rsu_2, InterVehicleMsg{,30, 3343,  41.632382935740885,  -71.0077086334615, Road CLOSED, }, Latitude= 41.631466782501874, Longitude= -71.00935504442323,  (at simulation time 462.302,800,000 s)
2023-09-25 08:46:12,047 INFO  - ,Received V2X Message from ,rsu_2, InterVehicleMsg{,30, 3344,  41.632382935740885,  -71.0077086334615, Road CLOSED, }, Latitude= 41.631466782501874, Longitude= -71.00935504442323,  (at simulation time 462.402,300,000 s)
2023-09-25 08:46:12,047 INFO  - ,Received V2X Message from ,rsu_2, InterVehicleMsg{,30, 3345,  41.632382935740885,  -71.0077086334615, Road CLOSED, }, Latitude= 41.631466782501874, Longitude= -71.00935504442323,  (at simulation time 462.503,300,000 s)
2023-09-25 08:46:12,047 INFO  - ,Received V2X Message from ,rsu_2, InterVehicleMsg{,30, 3346,  41.632382935740885,  -71.0077086334615, Road CLOSED, }, Latitude= 41.631466782501874, Longitude= -71.00935504442323,  (at simulation time 462.601,300,000 s)
2023-09-25 08:46:12,047 INFO  - ,Received V2X Message from ,rsu_2, InterVehicleMsg{,30, 3347,  41.632382935740885,  -71.0077086334615, Road CLOSED, }, Latitude= 41.631466782501874, Longitude= -71.00935504442323,  (at simulation time 462.702,300,000 s)
2023-09-25 08:46:12,047 INFO  - ,Received V2X Message from ,rsu_2, InterVehicleMsg{,30, 3348,  41.632382935740885,  -71.0077086334615, Road CLOSED, }, Latitude= 41.631466782501874, Longitude= -71.00935504442323,  (at simulation time 462.803,300,000 s)
2023-09-25 08:46:12,047 INFO  - ,Received V2X Message from ,rsu_2, InterVehicleMsg{,30, 3349,  41.632382935740885,  -71.0077086334615, Road CLOSED, }, Latitude= 41.631466782501874, Longitude= -71.00935504442323,  (at simulation time 462.902,800,000 s)
2023-09-25 08:46:12,048 INFO  - ,Received V2X Message from ,rsu_2, InterVehicleMsg{,30, 3350,  41.632382935740885,  -71.0077086334615, Road CLOSED, }, Latitude= 41.631493353034955, Longitude= -71.00929875763647,  (at simulation time 463.003,800,000 s)
2023-09-25 08:46:12,048 INFO  - ,Received V2X Message from ,rsu_2, InterVehicleMsg{,30, 3351,  41.632382935740885,  -71.0077086334615, Road CLOSED, }, Latitude= 41.631493353034955, Longitude= -71.00929875763647,  (at simulation time 463.102,300,000 s)
2023-09-25 08:46:12,048 INFO  - ,Received V2X Message from ,rsu_2, InterVehicleMsg{,30, 3352,  41.632382935740885,  -71.0077086334615, Road CLOSED, }, Latitude= 41.631493353034955, Longitude= -71.00929875763647,  (at simulation time 463.202,800,000 s)
2023-09-25 08:46:12,048 INFO  - ,Received V2X Message from ,rsu_2, InterVehicleMsg{,30, 3353,  41.632382935740885,  -71.0077086334615, Road CLOSED, }, Latitude= 41.631493353034955, Longitude= -71.00929875763647,  (at simulation time 463.302,300,000 s)
2023-09-25 08:46:12,048 INFO  - ,Received V2X Message from ,rsu_2, InterVehicleMsg{,30, 3354,  41.632382935740885,  -71.0077086334615, Road CLOSED, }, Latitude= 41.631493353034955, Longitude= -71.00929875763647,  (at simulation time 463.402,800,000 s)
2023-09-25 08:46:12,048 INFO  - ,Received V2X Message from ,rsu_2, InterVehicleMsg{,30, 3355,  41.632382935740885,  -71.0077086334615, Road CLOSED, }, Latitude= 41.631493353034955, Longitude= -71.00929875763647,  (at simulation time 463.502,800,000 s)
2023-09-25 08:46:12,048 INFO  - ,Received V2X Message from ,rsu_2, InterVehicleMsg{,30, 3356,  41.632382935740885,  -71.0077086334615, Road CLOSED, }, Latitude= 41.631493353034955, Longitude= -71.00929875763647,  (at simulation time 463.603,300,000 s)
2023-09-25 08:46:12,048 INFO  - ,Received V2X Message from ,rsu_2, InterVehicleMsg{,30, 3357,  41.632382935740885,  -71.0077086334615, Road CLOSED, }, Latitude= 41.631493353034955, Longitude= -71.00929875763647,  (at simulation time 463.701,800,000 s)
2023-09-25 08:46:12,048 INFO  - ,Received V2X Message from ,rsu_2, InterVehicleMsg{,30, 3358,  41.632382935740885,  -71.0077086334615, Road CLOSED, }, Latitude= 41.631493353034955, Longitude= -71.00929875763647,  (at simulation time 463.803,300,000 s)
2023-09-25 08:46:12,049 INFO  - ,Received V2X Message from ,rsu_2, InterVehicleMsg{,30, 3359,  41.632382935740885,  -71.0077086334615, Road CLOSED, }, Latitude= 41.631493353034955, Longitude= -71.00929875763647,  (at simulation time 463.901,800,000 s)
2023-09-25 08:46:12,050 INFO  - ,Received V2X Message from ,rsu_2, InterVehicleMsg{,30, 3360,  41.632382935740885,  -71.0077086334615, Road CLOSED, }, Latitude= 41.63152614969711, Longitude= -71.00922593766624,  (at simulation time 464.003,800,000 s)
2023-09-25 08:46:12,050 INFO  - ,Received V2X Message from ,rsu_2, InterVehicleMsg{,30, 3361,  41.632382935740885,  -71.0077086334615, Road CLOSED, }, Latitude= 41.63152614969711, Longitude= -71.00922593766624,  (at simulation time 464.104,300,000 s)
2023-09-25 08:46:12,050 INFO  - ,Received V2X Message from ,rsu_2, InterVehicleMsg{,30, 3362,  41.632382935740885,  -71.0077086334615, Road CLOSED, }, Latitude= 41.63152614969711, Longitude= -71.00922593766624,  (at simulation time 464.203,300,000 s)
2023-09-25 08:46:12,050 INFO  - ,Received V2X Message from ,rsu_2, InterVehicleMsg{,30, 3363,  41.632382935740885,  -71.0077086334615, Road CLOSED, }, Latitude= 41.63152614969711, Longitude= -71.00922593766624,  (at simulation time 464.301,300,000 s)
2023-09-25 08:46:12,050 INFO  - ,Received V2X Message from ,rsu_2, InterVehicleMsg{,30, 3364,  41.632382935740885,  -71.0077086334615, Road CLOSED, }, Latitude= 41.63152614969711, Longitude= -71.00922593766624,  (at simulation time 464.404,300,000 s)
2023-09-25 08:46:12,050 INFO  - ,Received V2X Message from ,rsu_2, InterVehicleMsg{,30, 3365,  41.632382935740885,  -71.0077086334615, Road CLOSED, }, Latitude= 41.63152614969711, Longitude= -71.00922593766624,  (at simulation time 464.501,800,000 s)
2023-09-25 08:46:12,050 INFO  - ,Received V2X Message from ,rsu_2, InterVehicleMsg{,30, 3366,  41.632382935740885,  -71.0077086334615, Road CLOSED, }, Latitude= 41.63152614969711, Longitude= -71.00922593766624,  (at simulation time 464.602,300,000 s)
2023-09-25 08:46:12,050 INFO  - ,Received V2X Message from ,rsu_2, InterVehicleMsg{,30, 3367,  41.632382935740885,  -71.0077086334615, Road CLOSED, }, Latitude= 41.63152614969711, Longitude= -71.00922593766624,  (at simulation time 464.702,800,000 s)
2023-09-25 08:46:12,050 INFO  - ,Received V2X Message from ,rsu_2, InterVehicleMsg{,30, 3368,  41.632382935740885,  -71.0077086334615, Road CLOSED, }, Latitude= 41.63152614969711, Longitude= -71.00922593766624,  (at simulation time 464.803,800,000 s)
2023-09-25 08:46:12,051 INFO  - ,Received V2X Message from ,rsu_2, InterVehicleMsg{,30, 3369,  41.632382935740885,  -71.0077086334615, Road CLOSED, }, Latitude= 41.63152614969711, Longitude= -71.00922593766624,  (at simulation time 464.903,800,000 s)
2023-09-25 08:46:12,052 INFO  - ,Received V2X Message from ,rsu_2, InterVehicleMsg{,30, 3370,  41.632382935740885,  -71.0077086334615, Road CLOSED, }, Latitude= 41.63155872116895, Longitude= -71.00915361752415,  (at simulation time 465.002,300,000 s)
2023-09-25 08:46:12,052 INFO  - ,Received V2X Message from ,rsu_2, InterVehicleMsg{,30, 3371,  41.632382935740885,  -71.0077086334615, Road CLOSED, }, Latitude= 41.63155872116895, Longitude= -71.00915361752415,  (at simulation time 465.103,300,000 s)
2023-09-25 08:46:12,052 INFO  - ,Received V2X Message from ,rsu_2, InterVehicleMsg{,30, 3372,  41.632382935740885,  -71.0077086334615, Road CLOSED, }, Latitude= 41.63155872116895, Longitude= -71.00915361752415,  (at simulation time 465.203,300,000 s)
2023-09-25 08:46:12,052 INFO  - ,Received V2X Message from ,rsu_2, InterVehicleMsg{,30, 3373,  41.632382935740885,  -71.0077086334615, Road CLOSED, }, Latitude= 41.63155872116895, Longitude= -71.00915361752415,  (at simulation time 465.302,800,000 s)
2023-09-25 08:46:12,052 INFO  - ,Received V2X Message from ,rsu_2, InterVehicleMsg{,30, 3374,  41.632382935740885,  -71.0077086334615, Road CLOSED, }, Latitude= 41.63155872116895, Longitude= -71.00915361752415,  (at simulation time 465.403,300,000 s)
2023-09-25 08:46:12,053 INFO  - ,Received V2X Message from ,rsu_2, InterVehicleMsg{,30, 3375,  41.632382935740885,  -71.0077086334615, Road CLOSED, }, Latitude= 41.63155872116895, Longitude= -71.00915361752415,  (at simulation time 465.504,800,000 s)
2023-09-25 08:46:12,053 INFO  - ,Received V2X Message from ,rsu_2, InterVehicleMsg{,30, 3376,  41.632382935740885,  -71.0077086334615, Road CLOSED, }, Latitude= 41.63155872116895, Longitude= -71.00915361752415,  (at simulation time 465.601,800,000 s)
2023-09-25 08:46:12,053 INFO  - ,Received V2X Message from ,rsu_2, InterVehicleMsg{,30, 3377,  41.632382935740885,  -71.0077086334615, Road CLOSED, }, Latitude= 41.63155872116895, Longitude= -71.00915361752415,  (at simulation time 465.700,800,000 s)
2023-09-25 08:46:12,053 INFO  - ,Received V2X Message from ,rsu_2, InterVehicleMsg{,30, 3378,  41.632382935740885,  -71.0077086334615, Road CLOSED, }, Latitude= 41.63155872116895, Longitude= -71.00915361752415,  (at simulation time 465.803,800,000 s)
2023-09-25 08:46:12,053 INFO  - ,Received V2X Message from ,rsu_2, InterVehicleMsg{,30, 3379,  41.632382935740885,  -71.0077086334615, Road CLOSED, }, Latitude= 41.63155872116895, Longitude= -71.00915361752415,  (at simulation time 465.902,800,000 s)
2023-09-25 08:46:12,054 INFO  - ,Received V2X Message from ,rsu_2, InterVehicleMsg{,30, 3380,  41.632382935740885,  -71.0077086334615, Road CLOSED, }, Latitude= 41.63158729960777, Longitude= -71.00909016318049,  (at simulation time 466.004,300,000 s)
2023-09-25 08:46:12,054 INFO  - ,Received V2X Message from ,rsu_2, InterVehicleMsg{,30, 3381,  41.632382935740885,  -71.0077086334615, Road CLOSED, }, Latitude= 41.63158729960777, Longitude= -71.00909016318049,  (at simulation time 466.101,800,000 s)
2023-09-25 08:46:12,054 INFO  - ,Received V2X Message from ,rsu_2, InterVehicleMsg{,30, 3382,  41.632382935740885,  -71.0077086334615, Road CLOSED, }, Latitude= 41.63158729960777, Longitude= -71.00909016318049,  (at simulation time 466.203,800,000 s)
2023-09-25 08:46:12,054 INFO  - ,Received V2X Message from ,rsu_2, InterVehicleMsg{,30, 3383,  41.632382935740885,  -71.0077086334615, Road CLOSED, }, Latitude= 41.63158729960777, Longitude= -71.00909016318049,  (at simulation time 466.304,300,000 s)
2023-09-25 08:46:12,055 INFO  - ,Received V2X Message from ,rsu_2, InterVehicleMsg{,30, 3384,  41.632382935740885,  -71.0077086334615, Road CLOSED, }, Latitude= 41.63158729960777, Longitude= -71.00909016318049,  (at simulation time 466.401,300,000 s)
2023-09-25 08:46:12,055 INFO  - ,Received V2X Message from ,rsu_2, InterVehicleMsg{,30, 3385,  41.632382935740885,  -71.0077086334615, Road CLOSED, }, Latitude= 41.63158729960777, Longitude= -71.00909016318049,  (at simulation time 466.502,800,000 s)
2023-09-25 08:46:12,055 INFO  - ,Received V2X Message from ,rsu_2, InterVehicleMsg{,30, 3386,  41.632382935740885,  -71.0077086334615, Road CLOSED, }, Latitude= 41.63158729960777, Longitude= -71.00909016318049,  (at simulation time 466.601,800,000 s)
2023-09-25 08:46:12,055 INFO  - ,Received V2X Message from ,rsu_2, InterVehicleMsg{,30, 3387,  41.632382935740885,  -71.0077086334615, Road CLOSED, }, Latitude= 41.63158729960777, Longitude= -71.00909016318049,  (at simulation time 466.703,300,000 s)
2023-09-25 08:46:12,055 INFO  - ,Received V2X Message from ,rsu_2, InterVehicleMsg{,30, 3388,  41.632382935740885,  -71.0077086334615, Road CLOSED, }, Latitude= 41.63158729960777, Longitude= -71.00909016318049,  (at simulation time 466.801,800,000 s)
2023-09-25 08:46:12,055 INFO  - ,Received V2X Message from ,rsu_2, InterVehicleMsg{,30, 3389,  41.632382935740885,  -71.0077086334615, Road CLOSED, }, Latitude= 41.63158729960777, Longitude= -71.00909016318049,  (at simulation time 466.903,300,000 s)
2023-09-25 08:46:12,056 INFO  - ,Received V2X Message from ,rsu_2, InterVehicleMsg{,30, 3390,  41.632382935740885,  -71.0077086334615, Road CLOSED, }, Latitude= 41.631619944143786, Longitude= -71.00901768048654,  (at simulation time 467.004,800,000 s)
2023-09-25 08:46:12,056 INFO  - ,Received V2X Message from ,rsu_2, InterVehicleMsg{,30, 3391,  41.632382935740885,  -71.0077086334615, Road CLOSED, }, Latitude= 41.631619944143786, Longitude= -71.00901768048654,  (at simulation time 467.102,300,000 s)
2023-09-25 08:46:12,056 INFO  - ,Received V2X Message from ,rsu_2, InterVehicleMsg{,30, 3392,  41.632382935740885,  -71.0077086334615, Road CLOSED, }, Latitude= 41.631619944143786, Longitude= -71.00901768048654,  (at simulation time 467.203,800,000 s)
2023-09-25 08:46:12,056 INFO  - ,Received V2X Message from ,rsu_2, InterVehicleMsg{,30, 3393,  41.632382935740885,  -71.0077086334615, Road CLOSED, }, Latitude= 41.631619944143786, Longitude= -71.00901768048654,  (at simulation time 467.302,800,000 s)
2023-09-25 08:46:12,056 INFO  - ,Received V2X Message from ,rsu_2, InterVehicleMsg{,30, 3394,  41.632382935740885,  -71.0077086334615, Road CLOSED, }, Latitude= 41.631619944143786, Longitude= -71.00901768048654,  (at simulation time 467.401,800,000 s)
2023-09-25 08:46:12,057 INFO  - ,Received V2X Message from ,rsu_2, InterVehicleMsg{,30, 3395,  41.632382935740885,  -71.0077086334615, Road CLOSED, }, Latitude= 41.631619944143786, Longitude= -71.00901768048654,  (at simulation time 467.501,800,000 s)
2023-09-25 08:46:12,057 INFO  - ,Received V2X Message from ,rsu_2, InterVehicleMsg{,30, 3396,  41.632382935740885,  -71.0077086334615, Road CLOSED, }, Latitude= 41.631619944143786, Longitude= -71.00901768048654,  (at simulation time 467.604,300,000 s)
2023-09-25 08:46:12,057 INFO  - ,Received V2X Message from ,rsu_2, InterVehicleMsg{,30, 3397,  41.632382935740885,  -71.0077086334615, Road CLOSED, }, Latitude= 41.631619944143786, Longitude= -71.00901768048654,  (at simulation time 467.702,300,000 s)
2023-09-25 08:46:12,057 INFO  - ,Received V2X Message from ,rsu_2, InterVehicleMsg{,30, 3398,  41.632382935740885,  -71.0077086334615, Road CLOSED, }, Latitude= 41.631619944143786, Longitude= -71.00901768048654,  (at simulation time 467.803,800,000 s)
2023-09-25 08:46:12,057 INFO  - ,Received V2X Message from ,rsu_2, InterVehicleMsg{,30, 3399,  41.632382935740885,  -71.0077086334615, Road CLOSED, }, Latitude= 41.631619944143786, Longitude= -71.00901768048654,  (at simulation time 467.901,800,000 s)
2023-09-25 08:46:12,058 INFO  - ,Received V2X Message from ,rsu_2, InterVehicleMsg{,30, 3400,  41.632382935740885,  -71.0077086334615, Road CLOSED, }, Latitude= 41.6316505372922, Longitude= -71.00894975245937,  (at simulation time 468.003,800,000 s)
2023-09-25 08:46:12,058 INFO  - ,Received V2X Message from ,rsu_2, InterVehicleMsg{,30, 3401,  41.632382935740885,  -71.0077086334615, Road CLOSED, }, Latitude= 41.6316505372922, Longitude= -71.00894975245937,  (at simulation time 468.103,800,000 s)
2023-09-25 08:46:12,058 INFO  - ,Received V2X Message from ,rsu_2, InterVehicleMsg{,30, 3402,  41.632382935740885,  -71.0077086334615, Road CLOSED, }, Latitude= 41.6316505372922, Longitude= -71.00894975245937,  (at simulation time 468.201,300,000 s)
2023-09-25 08:46:12,058 INFO  - ,Received V2X Message from ,rsu_2, InterVehicleMsg{,30, 3403,  41.632382935740885,  -71.0077086334615, Road CLOSED, }, Latitude= 41.6316505372922, Longitude= -71.00894975245937,  (at simulation time 468.303,800,000 s)
2023-09-25 08:46:12,058 INFO  - ,Received V2X Message from ,rsu_2, InterVehicleMsg{,30, 3404,  41.632382935740885,  -71.0077086334615, Road CLOSED, }, Latitude= 41.6316505372922, Longitude= -71.00894975245937,  (at simulation time 468.404,800,000 s)
2023-09-25 08:46:12,058 INFO  - ,Received V2X Message from ,rsu_2, InterVehicleMsg{,30, 3405,  41.632382935740885,  -71.0077086334615, Road CLOSED, }, Latitude= 41.6316505372922, Longitude= -71.00894975245937,  (at simulation time 468.502,300,000 s)
2023-09-25 08:46:12,058 INFO  - ,Received V2X Message from ,rsu_2, InterVehicleMsg{,30, 3406,  41.632382935740885,  -71.0077086334615, Road CLOSED, }, Latitude= 41.6316505372922, Longitude= -71.00894975245937,  (at simulation time 468.602,800,000 s)
2023-09-25 08:46:12,058 INFO  - ,Received V2X Message from ,rsu_2, InterVehicleMsg{,30, 3407,  41.632382935740885,  -71.0077086334615, Road CLOSED, }, Latitude= 41.6316505372922, Longitude= -71.00894975245937,  (at simulation time 468.702,300,000 s)
2023-09-25 08:46:12,059 INFO  - ,Received V2X Message from ,rsu_2, InterVehicleMsg{,30, 3408,  41.632382935740885,  -71.0077086334615, Road CLOSED, }, Latitude= 41.6316505372922, Longitude= -71.00894975245937,  (at simulation time 468.804,300,000 s)
2023-09-25 08:46:12,059 INFO  - ,Received V2X Message from ,rsu_2, InterVehicleMsg{,30, 3409,  41.632382935740885,  -71.0077086334615, Road CLOSED, }, Latitude= 41.6316505372922, Longitude= -71.00894975245937,  (at simulation time 468.904,800,000 s)
2023-09-25 08:46:12,059 INFO  - ,Received V2X Message from ,rsu_2, InterVehicleMsg{,30, 3410,  41.632382935740885,  -71.0077086334615, Road CLOSED, }, Latitude= 41.63168628246049, Longitude= -71.00887038486346,  (at simulation time 469.002,800,000 s)
2023-09-25 08:46:12,059 INFO  - ,Received V2X Message from ,rsu_2, InterVehicleMsg{,30, 3411,  41.632382935740885,  -71.0077086334615, Road CLOSED, }, Latitude= 41.63168628246049, Longitude= -71.00887038486346,  (at simulation time 469.102,800,000 s)
2023-09-25 08:46:12,060 INFO  - ,Received V2X Message from ,rsu_2, InterVehicleMsg{,30, 3412,  41.632382935740885,  -71.0077086334615, Road CLOSED, }, Latitude= 41.63168628246049, Longitude= -71.00887038486346,  (at simulation time 469.202,300,000 s)
2023-09-25 08:46:12,060 INFO  - ,Received V2X Message from ,rsu_2, InterVehicleMsg{,30, 3413,  41.632382935740885,  -71.0077086334615, Road CLOSED, }, Latitude= 41.63168628246049, Longitude= -71.00887038486346,  (at simulation time 469.302,300,000 s)
2023-09-25 08:46:12,060 INFO  - ,Received V2X Message from ,rsu_2, InterVehicleMsg{,30, 3414,  41.632382935740885,  -71.0077086334615, Road CLOSED, }, Latitude= 41.63168628246049, Longitude= -71.00887038486346,  (at simulation time 469.401,800,000 s)
2023-09-25 08:46:12,060 INFO  - ,Received V2X Message from ,rsu_2, InterVehicleMsg{,30, 3415,  41.632382935740885,  -71.0077086334615, Road CLOSED, }, Latitude= 41.63168628246049, Longitude= -71.00887038486346,  (at simulation time 469.502,800,000 s)
2023-09-25 08:46:12,060 INFO  - ,Received V2X Message from ,rsu_2, InterVehicleMsg{,30, 3416,  41.632382935740885,  -71.0077086334615, Road CLOSED, }, Latitude= 41.63168628246049, Longitude= -71.00887038486346,  (at simulation time 469.601,800,000 s)
2023-09-25 08:46:12,060 INFO  - ,Received V2X Message from ,rsu_2, InterVehicleMsg{,30, 3417,  41.632382935740885,  -71.0077086334615, Road CLOSED, }, Latitude= 41.63168628246049, Longitude= -71.00887038486346,  (at simulation time 469.701,800,000 s)
2023-09-25 08:46:12,060 INFO  - ,Received V2X Message from ,rsu_2, InterVehicleMsg{,30, 3418,  41.632382935740885,  -71.0077086334615, Road CLOSED, }, Latitude= 41.63168628246049, Longitude= -71.00887038486346,  (at simulation time 469.804,300,000 s)
2023-09-25 08:46:12,060 INFO  - ,Received V2X Message from ,rsu_2, InterVehicleMsg{,30, 3419,  41.632382935740885,  -71.0077086334615, Road CLOSED, }, Latitude= 41.63168628246049, Longitude= -71.00887038486346,  (at simulation time 469.902,300,000 s)
2023-09-25 08:46:12,061 INFO  - ,Received V2X Message from ,rsu_2, InterVehicleMsg{,30, 3420,  41.632382935740885,  -71.0077086334615, Road CLOSED, }, Latitude= 41.63171969815672, Longitude= -71.00879618937651,  (at simulation time 470.003,800,000 s)
2023-09-25 08:46:12,062 INFO  - ,Received V2X Message from ,rsu_2, InterVehicleMsg{,30, 3421,  41.632382935740885,  -71.0077086334615, Road CLOSED, }, Latitude= 41.63171969815672, Longitude= -71.00879618937651,  (at simulation time 470.104,300,000 s)
2023-09-25 08:46:12,062 INFO  - ,Received V2X Message from ,rsu_2, InterVehicleMsg{,30, 3422,  41.632382935740885,  -71.0077086334615, Road CLOSED, }, Latitude= 41.63171969815672, Longitude= -71.00879618937651,  (at simulation time 470.203,300,000 s)
2023-09-25 08:46:12,062 INFO  - ,Received V2X Message from ,rsu_2, InterVehicleMsg{,30, 3423,  41.632382935740885,  -71.0077086334615, Road CLOSED, }, Latitude= 41.63171969815672, Longitude= -71.00879618937651,  (at simulation time 470.304,800,000 s)
2023-09-25 08:46:12,062 INFO  - ,Received V2X Message from ,rsu_2, InterVehicleMsg{,30, 3424,  41.632382935740885,  -71.0077086334615, Road CLOSED, }, Latitude= 41.63171969815672, Longitude= -71.00879618937651,  (at simulation time 470.402,800,000 s)
2023-09-25 08:46:12,062 INFO  - ,Received V2X Message from ,rsu_2, InterVehicleMsg{,30, 3425,  41.632382935740885,  -71.0077086334615, Road CLOSED, }, Latitude= 41.63171969815672, Longitude= -71.00879618937651,  (at simulation time 470.502,300,000 s)
2023-09-25 08:46:12,062 INFO  - ,Received V2X Message from ,rsu_2, InterVehicleMsg{,30, 3426,  41.632382935740885,  -71.0077086334615, Road CLOSED, }, Latitude= 41.63171969815672, Longitude= -71.00879618937651,  (at simulation time 470.604,300,000 s)
2023-09-25 08:46:12,062 INFO  - ,Received V2X Message from ,rsu_2, InterVehicleMsg{,30, 3427,  41.632382935740885,  -71.0077086334615, Road CLOSED, }, Latitude= 41.63171969815672, Longitude= -71.00879618937651,  (at simulation time 470.702,800,000 s)
2023-09-25 08:46:12,062 INFO  - ,Received V2X Message from ,rsu_2, InterVehicleMsg{,30, 3428,  41.632382935740885,  -71.0077086334615, Road CLOSED, }, Latitude= 41.63171969815672, Longitude= -71.00879618937651,  (at simulation time 470.802,300,000 s)
2023-09-25 08:46:12,062 INFO  - ,Received V2X Message from ,rsu_2, InterVehicleMsg{,30, 3429,  41.632382935740885,  -71.0077086334615, Road CLOSED, }, Latitude= 41.63171969815672, Longitude= -71.00879618937651,  (at simulation time 470.904,800,000 s)
2023-09-25 08:46:12,063 INFO  - ,Received V2X Message from ,rsu_2, InterVehicleMsg{,30, 3430,  41.632382935740885,  -71.0077086334615, Road CLOSED, }, Latitude= 41.63175258087538, Longitude= -71.0087231771248,  (at simulation time 471.002,300,000 s)
2023-09-25 08:46:12,063 INFO  - ,Received V2X Message from ,rsu_2, InterVehicleMsg{,30, 3431,  41.632382935740885,  -71.0077086334615, Road CLOSED, }, Latitude= 41.63175258087538, Longitude= -71.0087231771248,  (at simulation time 471.102,800,000 s)
2023-09-25 08:46:12,063 INFO  - ,Received V2X Message from ,rsu_2, InterVehicleMsg{,30, 3432,  41.632382935740885,  -71.0077086334615, Road CLOSED, }, Latitude= 41.63175258087538, Longitude= -71.0087231771248,  (at simulation time 471.201,800,000 s)
2023-09-25 08:46:12,063 INFO  - ,Received V2X Message from ,rsu_2, InterVehicleMsg{,30, 3433,  41.632382935740885,  -71.0077086334615, Road CLOSED, }, Latitude= 41.63175258087538, Longitude= -71.0087231771248,  (at simulation time 471.303,300,000 s)
2023-09-25 08:46:12,063 INFO  - ,Received V2X Message from ,rsu_2, InterVehicleMsg{,30, 3434,  41.632382935740885,  -71.0077086334615, Road CLOSED, }, Latitude= 41.63175258087538, Longitude= -71.0087231771248,  (at simulation time 471.402,300,000 s)
2023-09-25 08:46:12,064 INFO  - ,Received V2X Message from ,rsu_2, InterVehicleMsg{,30, 3435,  41.632382935740885,  -71.0077086334615, Road CLOSED, }, Latitude= 41.63175258087538, Longitude= -71.0087231771248,  (at simulation time 471.501,800,000 s)
2023-09-25 08:46:12,064 INFO  - ,Received V2X Message from ,rsu_2, InterVehicleMsg{,30, 3436,  41.632382935740885,  -71.0077086334615, Road CLOSED, }, Latitude= 41.63175258087538, Longitude= -71.0087231771248,  (at simulation time 471.602,300,000 s)
2023-09-25 08:46:12,064 INFO  - ,Received V2X Message from ,rsu_2, InterVehicleMsg{,30, 3437,  41.632382935740885,  -71.0077086334615, Road CLOSED, }, Latitude= 41.63175258087538, Longitude= -71.0087231771248,  (at simulation time 471.703,800,000 s)
2023-09-25 08:46:12,064 INFO  - ,Received V2X Message from ,rsu_2, InterVehicleMsg{,30, 3438,  41.632382935740885,  -71.0077086334615, Road CLOSED, }, Latitude= 41.63175258087538, Longitude= -71.0087231771248,  (at simulation time 471.804,300,000 s)
2023-09-25 08:46:12,064 INFO  - ,Received V2X Message from ,rsu_2, InterVehicleMsg{,30, 3439,  41.632382935740885,  -71.0077086334615, Road CLOSED, }, Latitude= 41.63175258087538, Longitude= -71.0087231771248,  (at simulation time 471.902,800,000 s)
2023-09-25 08:46:12,065 INFO  - ,Received V2X Message from ,rsu_2, InterVehicleMsg{,30, 3440,  41.632382935740885,  -71.0077086334615, Road CLOSED, }, Latitude= 41.63177888958485, Longitude= -71.00866476156958,  (at simulation time 472.003,300,000 s)
2023-09-25 08:46:12,065 INFO  - ,Received V2X Message from ,rsu_2, InterVehicleMsg{,30, 3441,  41.632382935740885,  -71.0077086334615, Road CLOSED, }, Latitude= 41.63177888958485, Longitude= -71.00866476156958,  (at simulation time 472.101,800,000 s)
2023-09-25 08:46:12,065 INFO  - ,Received V2X Message from ,rsu_2, InterVehicleMsg{,30, 3442,  41.632382935740885,  -71.0077086334615, Road CLOSED, }, Latitude= 41.63177888958485, Longitude= -71.00866476156958,  (at simulation time 472.201,300,000 s)
2023-09-25 08:46:12,065 INFO  - ,Received V2X Message from ,rsu_2, InterVehicleMsg{,30, 3443,  41.632382935740885,  -71.0077086334615, Road CLOSED, }, Latitude= 41.63177888958485, Longitude= -71.00866476156958,  (at simulation time 472.303,300,000 s)
2023-09-25 08:46:12,065 INFO  - ,Received V2X Message from ,rsu_2, InterVehicleMsg{,30, 3444,  41.632382935740885,  -71.0077086334615, Road CLOSED, }, Latitude= 41.63177888958485, Longitude= -71.00866476156958,  (at simulation time 472.404,800,000 s)
2023-09-25 08:46:12,065 INFO  - ,Received V2X Message from ,rsu_2, InterVehicleMsg{,30, 3445,  41.632382935740885,  -71.0077086334615, Road CLOSED, }, Latitude= 41.63177888958485, Longitude= -71.00866476156958,  (at simulation time 472.502,300,000 s)
2023-09-25 08:46:12,066 INFO  - ,Received V2X Message from ,rsu_2, InterVehicleMsg{,30, 3446,  41.632382935740885,  -71.0077086334615, Road CLOSED, }, Latitude= 41.63177888958485, Longitude= -71.00866476156958,  (at simulation time 472.601,300,000 s)
2023-09-25 08:46:12,066 INFO  - ,Received V2X Message from ,rsu_2, InterVehicleMsg{,30, 3447,  41.632382935740885,  -71.0077086334615, Road CLOSED, }, Latitude= 41.63177888958485, Longitude= -71.00866476156958,  (at simulation time 472.702,800,000 s)
2023-09-25 08:46:12,066 INFO  - ,Received V2X Message from ,rsu_2, InterVehicleMsg{,30, 3448,  41.632382935740885,  -71.0077086334615, Road CLOSED, }, Latitude= 41.63177888958485, Longitude= -71.00866476156958,  (at simulation time 472.801,300,000 s)
2023-09-25 08:46:12,066 INFO  - ,Received V2X Message from ,rsu_2, InterVehicleMsg{,30, 3449,  41.632382935740885,  -71.0077086334615, Road CLOSED, }, Latitude= 41.63177888958485, Longitude= -71.00866476156958,  (at simulation time 472.904,300,000 s)
2023-09-25 08:46:12,067 INFO  - ,Received V2X Message from ,rsu_2, InterVehicleMsg{,30, 3450,  41.632382935740885,  -71.0077086334615, Road CLOSED, }, Latitude= 41.63180815620446, Longitude= -71.00859977817304,  (at simulation time 473.001,300,000 s)
2023-09-25 08:46:12,067 INFO  - ,Received V2X Message from ,rsu_2, InterVehicleMsg{,30, 3451,  41.632382935740885,  -71.0077086334615, Road CLOSED, }, Latitude= 41.63180815620446, Longitude= -71.00859977817304,  (at simulation time 473.102,800,000 s)
2023-09-25 08:46:12,067 INFO  - ,Received V2X Message from ,rsu_2, InterVehicleMsg{,30, 3452,  41.632382935740885,  -71.0077086334615, Road CLOSED, }, Latitude= 41.63180815620446, Longitude= -71.00859977817304,  (at simulation time 473.202,800,000 s)
2023-09-25 08:46:12,067 INFO  - ,Received V2X Message from ,rsu_2, InterVehicleMsg{,30, 3453,  41.632382935740885,  -71.0077086334615, Road CLOSED, }, Latitude= 41.63180815620446, Longitude= -71.00859977817304,  (at simulation time 473.301,800,000 s)
2023-09-25 08:46:12,068 INFO  - ,Received V2X Message from ,rsu_2, InterVehicleMsg{,30, 3454,  41.632382935740885,  -71.0077086334615, Road CLOSED, }, Latitude= 41.63180815620446, Longitude= -71.00859977817304,  (at simulation time 473.402,300,000 s)
2023-09-25 08:46:12,068 INFO  - ,Received V2X Message from ,rsu_2, InterVehicleMsg{,30, 3455,  41.632382935740885,  -71.0077086334615, Road CLOSED, }, Latitude= 41.63180815620446, Longitude= -71.00859977817304,  (at simulation time 473.501,300,000 s)
2023-09-25 08:46:12,068 INFO  - ,Received V2X Message from ,rsu_2, InterVehicleMsg{,30, 3456,  41.632382935740885,  -71.0077086334615, Road CLOSED, }, Latitude= 41.63180815620446, Longitude= -71.00859977817304,  (at simulation time 473.603,800,000 s)
2023-09-25 08:46:12,068 INFO  - ,Received V2X Message from ,rsu_2, InterVehicleMsg{,30, 3457,  41.632382935740885,  -71.0077086334615, Road CLOSED, }, Latitude= 41.63180815620446, Longitude= -71.00859977817304,  (at simulation time 473.702,300,000 s)
2023-09-25 08:46:12,068 INFO  - ,Received V2X Message from ,rsu_2, InterVehicleMsg{,30, 3458,  41.632382935740885,  -71.0077086334615, Road CLOSED, }, Latitude= 41.63180815620446, Longitude= -71.00859977817304,  (at simulation time 473.801,300,000 s)
2023-09-25 08:46:12,068 INFO  - ,Received V2X Message from ,rsu_2, InterVehicleMsg{,30, 3459,  41.632382935740885,  -71.0077086334615, Road CLOSED, }, Latitude= 41.63180815620446, Longitude= -71.00859977817304,  (at simulation time 473.901,800,000 s)
2023-09-25 08:46:12,070 INFO  - ,Received V2X Message from ,rsu_2, InterVehicleMsg{,30, 3460,  41.632382935740885,  -71.0077086334615, Road CLOSED, }, Latitude= 41.63183435929966, Longitude= -71.00854159688676,  (at simulation time 474.002,800,000 s)
2023-09-25 08:46:12,070 INFO  - ,Received V2X Message from ,rsu_2, InterVehicleMsg{,30, 3461,  41.632382935740885,  -71.0077086334615, Road CLOSED, }, Latitude= 41.63183435929966, Longitude= -71.00854159688676,  (at simulation time 474.103,800,000 s)
2023-09-25 08:46:12,070 INFO  - ,Received V2X Message from ,rsu_2, InterVehicleMsg{,30, 3462,  41.632382935740885,  -71.0077086334615, Road CLOSED, }, Latitude= 41.63183435929966, Longitude= -71.00854159688676,  (at simulation time 474.201,300,000 s)
2023-09-25 08:46:12,070 INFO  - ,Received V2X Message from ,rsu_2, InterVehicleMsg{,30, 3463,  41.632382935740885,  -71.0077086334615, Road CLOSED, }, Latitude= 41.63183435929966, Longitude= -71.00854159688676,  (at simulation time 474.303,800,000 s)
2023-09-25 08:46:12,070 INFO  - ,Received V2X Message from ,rsu_2, InterVehicleMsg{,30, 3464,  41.632382935740885,  -71.0077086334615, Road CLOSED, }, Latitude= 41.63183435929966, Longitude= -71.00854159688676,  (at simulation time 474.402,800,000 s)
2023-09-25 08:46:12,070 INFO  - ,Received V2X Message from ,rsu_2, InterVehicleMsg{,30, 3465,  41.632382935740885,  -71.0077086334615, Road CLOSED, }, Latitude= 41.63183435929966, Longitude= -71.00854159688676,  (at simulation time 474.503,800,000 s)
2023-09-25 08:46:12,070 INFO  - ,Received V2X Message from ,rsu_2, InterVehicleMsg{,30, 3466,  41.632382935740885,  -71.0077086334615, Road CLOSED, }, Latitude= 41.63183435929966, Longitude= -71.00854159688676,  (at simulation time 474.604,800,000 s)
2023-09-25 08:46:12,071 INFO  - ,Received V2X Message from ,rsu_2, InterVehicleMsg{,30, 3467,  41.632382935740885,  -71.0077086334615, Road CLOSED, }, Latitude= 41.63183435929966, Longitude= -71.00854159688676,  (at simulation time 474.703,300,000 s)
2023-09-25 08:46:12,071 INFO  - ,Received V2X Message from ,rsu_2, InterVehicleMsg{,30, 3468,  41.632382935740885,  -71.0077086334615, Road CLOSED, }, Latitude= 41.63183435929966, Longitude= -71.00854159688676,  (at simulation time 474.803,800,000 s)
2023-09-25 08:46:12,071 INFO  - ,Received V2X Message from ,rsu_2, InterVehicleMsg{,30, 3469,  41.632382935740885,  -71.0077086334615, Road CLOSED, }, Latitude= 41.63183435929966, Longitude= -71.00854159688676,  (at simulation time 474.903,300,000 s)
2023-09-25 08:46:12,072 INFO  - ,Received V2X Message from ,rsu_2, InterVehicleMsg{,30, 3470,  41.632382935740885,  -71.0077086334615, Road CLOSED, }, Latitude= 41.63187077346741, Longitude= -71.00846073427029,  (at simulation time 475.003,300,000 s)
2023-09-25 08:46:12,072 INFO  - ,Received V2X Message from ,rsu_2, InterVehicleMsg{,30, 3471,  41.632382935740885,  -71.0077086334615, Road CLOSED, }, Latitude= 41.63187077346741, Longitude= -71.00846073427029,  (at simulation time 475.101,300,000 s)
2023-09-25 08:46:12,072 INFO  - ,Received V2X Message from ,rsu_2, InterVehicleMsg{,30, 3472,  41.632382935740885,  -71.0077086334615, Road CLOSED, }, Latitude= 41.63187077346741, Longitude= -71.00846073427029,  (at simulation time 475.203,300,000 s)
2023-09-25 08:46:12,072 INFO  - ,Received V2X Message from ,rsu_2, InterVehicleMsg{,30, 3473,  41.632382935740885,  -71.0077086334615, Road CLOSED, }, Latitude= 41.63187077346741, Longitude= -71.00846073427029,  (at simulation time 475.304,300,000 s)
2023-09-25 08:46:12,072 INFO  - ,Received V2X Message from ,rsu_2, InterVehicleMsg{,30, 3474,  41.632382935740885,  -71.0077086334615, Road CLOSED, }, Latitude= 41.63187077346741, Longitude= -71.00846073427029,  (at simulation time 475.401,800,000 s)
2023-09-25 08:46:12,072 INFO  - ,Received V2X Message from ,rsu_2, InterVehicleMsg{,30, 3475,  41.632382935740885,  -71.0077086334615, Road CLOSED, }, Latitude= 41.63187077346741, Longitude= -71.00846073427029,  (at simulation time 475.501,800,000 s)
2023-09-25 08:46:12,072 INFO  - ,Received V2X Message from ,rsu_2, InterVehicleMsg{,30, 3476,  41.632382935740885,  -71.0077086334615, Road CLOSED, }, Latitude= 41.63187077346741, Longitude= -71.00846073427029,  (at simulation time 475.602,800,000 s)
2023-09-25 08:46:12,073 INFO  - ,Received V2X Message from ,rsu_2, InterVehicleMsg{,30, 3477,  41.632382935740885,  -71.0077086334615, Road CLOSED, }, Latitude= 41.63187077346741, Longitude= -71.00846073427029,  (at simulation time 475.701,300,000 s)
2023-09-25 08:46:12,073 INFO  - ,Received V2X Message from ,rsu_2, InterVehicleMsg{,30, 3478,  41.632382935740885,  -71.0077086334615, Road CLOSED, }, Latitude= 41.63187077346741, Longitude= -71.00846073427029,  (at simulation time 475.801,300,000 s)
2023-09-25 08:46:12,073 INFO  - ,Received V2X Message from ,rsu_2, InterVehicleMsg{,30, 3479,  41.632382935740885,  -71.0077086334615, Road CLOSED, }, Latitude= 41.63187077346741, Longitude= -71.00846073427029,  (at simulation time 475.900,800,000 s)
